Applications Graphics Acceleration Info:
Uptime: 679920016 Realtime: 1290952501

** Graphics info for pid 26621 [com.phnem.vetro.audioprototype] **

Stats since: 679906430804488ns
Total frames rendered: 1460
Janky frames: 81 (5.55%)
Janky frames (legacy): 554 (37.95%)
50th percentile: 9ms
90th percentile: 17ms
95th percentile: 22ms
99th percentile: 36ms
Number Missed Vsync: 50
Number High input latency: 1874
Number Slow UI thread: 76
Number Slow bitmap uploads: 0
Number Slow issue draw commands: 35
Number Frame deadline missed: 81
Number Frame deadline missed (legacy): 76
HISTOGRAM: 5ms=370 6ms=146 7ms=116 8ms=86 9ms=98 10ms=94 11ms=100 12ms=74 13ms=80 14ms=68 15ms=44 16ms=26 17ms=24 18ms=24 19ms=16 20ms=12 21ms=8 22ms=6 23ms=8 24ms=12 25ms=8 26ms=6 27ms=4 28ms=0 29ms=4 30ms=2 31ms=4 32ms=2 34ms=2 36ms=6 38ms=2 40ms=0 42ms=0 44ms=2 46ms=0 48ms=2 53ms=0 57ms=0 61ms=0 65ms=0 69ms=0 73ms=0 77ms=0 81ms=0 85ms=0 89ms=0 93ms=0 97ms=0 101ms=0 105ms=0 109ms=2 113ms=0 117ms=0 121ms=0 125ms=0 129ms=0 133ms=0 150ms=0 200ms=2 250ms=0 300ms=0 350ms=0 400ms=0 450ms=0 500ms=0 550ms=0 600ms=0 650ms=0 700ms=0 750ms=0 800ms=0 850ms=0 900ms=0 950ms=0 1000ms=0 1050ms=0 1100ms=0 1150ms=0 1200ms=0 1250ms=0 1300ms=0 1350ms=0 1400ms=0 1450ms=0 1500ms=0 1550ms=0 1600ms=0 1650ms=0 1700ms=0 1750ms=0 1800ms=0 1850ms=0 1900ms=0 1950ms=0 2000ms=0 2050ms=0 2100ms=0 2150ms=0 2200ms=0 2250ms=0 2300ms=0 2350ms=0 2400ms=0 2450ms=0 2500ms=0 2550ms=0 2600ms=0 2650ms=0 2700ms=0 2750ms=0 2800ms=0 2850ms=0 2900ms=0 2950ms=0 3000ms=0 3050ms=0 3100ms=0 3150ms=0 3200ms=0 3250ms=0 3300ms=0 3350ms=0 3400ms=0 3450ms=0 3500ms=0 3550ms=0 3600ms=0 3650ms=0 3700ms=0 3750ms=0 3800ms=0 3850ms=0 3900ms=0 3950ms=0 4000ms=0 4050ms=0 4100ms=0 4150ms=0 4200ms=0 4250ms=0 4300ms=0 4350ms=0 4400ms=0 4450ms=0 4500ms=0 4550ms=0 4600ms=0 4650ms=0 4700ms=0 4750ms=0 4800ms=0 4850ms=0 4900ms=0 4950ms=0
50th gpu percentile: 2ms
90th gpu percentile: 5ms
95th gpu percentile: 5ms
99th gpu percentile: 5ms
GPU HISTOGRAM: 1ms=18 2ms=820 3ms=110 4ms=354 5ms=146 6ms=12 7ms=0 8ms=0 9ms=0 10ms=0 11ms=0 12ms=0 13ms=0 14ms=0 15ms=0 16ms=0 17ms=0 18ms=0 19ms=0 20ms=0 21ms=0 22ms=0 23ms=0 24ms=0 25ms=0 4950ms=0

Pipeline=Skia (OpenGL)
Memory policy:
  Max surface area: 2592000
  Max resource usage: 248.83MB (x48)
  Background retention: 50% (altUiHidden = true)
  GPU Context timeout: 10
Contexts: 1 (stopped = 0)
CPU Caches:
  Glyph Cache: 90.66 KB (1 entry)
  Glyph Count: 27 
Total CPU memory usage:
  92837 bytes, 90.66 KB (0.00 bytes is purgeable)
GPU Caches:
  Other:
    Other: 3.61 KB (1 entry)
    StencilAttachment: 384.00 KB (2 entries)
    Buffer Object: 464.00 bytes (2 entries)
  Image:
    Texture: 64.06 KB (2 entries)
  Scratch:
    RenderTarget: 128.45 MB (119 entries)
    Texture: 2.00 MB (2 entries)
    Buffer Object: 48.03 KB (2 entries)
Total GPU memory usage:
  137298592 bytes, 130.94 MB (126.25 MB is purgeable)
Detail dimensions: 
Buffer Object:				49152		{0x0}	1
Texture:				2097152		{2048x1024}	1
Texture:				65536		{128x128}	1
Buffer Object:				32		{0x0}	1
RenderTarget:				32768		{128x256}	3
RenderTarget:				65536		{256x256}	1
RenderTarget:				131072		{256x512}	1
RenderTarget:				262144		{512x512}	4
RenderTarget:				32768		{256x128}	2
Texture:				512		{512x1}	1
RenderTarget:				589824		{384x384}	10
RenderTarget:				147456		{192x192}	25
RenderTarget:				262144		{256x256}	6
Buffer Object:				192		{0x0}	1
Buffer Object:				272		{0x0}	1
StencilAttachment:				262144		{256x256}	1
StencilAttachment:				131072		{256x128}	1
RenderTarget:				3670016		{1024x896}	1
RenderTarget:				4734976		{1088x1088}	1
RenderTarget:				5570560		{1088x1280}	1
RenderTarget:				6406144		{1088x1472}	2
RenderTarget:				7520256		{1088x1728}	2
RenderTarget:				8355840		{1088x1920}	1
RenderTarget:				8912896		{1088x2048}	1
RenderTarget:				9191424		{1088x2112}	1
RenderTarget:				8077312		{1088x1856}	1
RenderTarget:				8192		{64x32}	1
RenderTarget:				2048		{32x16}	1
RenderTarget:				131072		{256x128}	4
RenderTarget:				6963200		{1088x1600}	2
RenderTarget:				491520		{384x320}	3
RenderTarget:				98304		{192x128}	9
RenderTarget:				5849088		{1088x1344}	2
RenderTarget:				5013504		{1088x1152}	1
RenderTarget:				3932160		{1024x960}	1
RenderTarget:				49152		{192x64}	6
RenderTarget:				393216		{384x256}	6
RenderTarget:				3145728		{1024x768}	1
RenderTarget:				65536		{64x256}	2
RenderTarget:				49152		{64x192}	3
RenderTarget:				491520		{320x384}	1
RenderTarget:				4096		{16x64}	1
RenderTarget:				2048		{16x32}	1
RenderTarget:				131072		{128x256}	2
RenderTarget:				98304		{128x192}	3
RenderTarget:				1048576		{512x512}	1
RenderTarget:				65536		{128x128}	1
RenderTarget:				16384		{64x64}	2
RenderTarget:				8192		{32x64}	1
RenderTarget:				4096		{32x32}	1
Texture:				64		{8x8}	1

GraphicBufferAllocator buffers:
            Handle |         Size |     W (Stride) x H | Layers |   Format |      Usage | Requestor
0xb4000078b34d5480 | 10200.00 KiB | 1080 (1088) x 2400 |      1 |        1 | 0x10000900 | VRI[PrototypeTestActivity]#0(BLAST Consumer)0
0xb4000078b34e4f60 | 10200.00 KiB | 1080 (1088) x 2400 |      1 |        1 | 0x10000900 | VRI[PrototypeTestActivity]#0(BLAST Consumer)0
0xb4000078b34e6af0 | 10200.00 KiB | 1080 (1088) x 2400 |      1 |        1 | 0x10000900 | VRI[PrototypeTestActivity]#0(BLAST Consumer)0
0xb4000078b34e7510 | 10200.00 KiB | 1080 (1088) x 2400 |      1 |        1 | 0x10000900 | VRI[PrototypeTestActivity]#0(BLAST Consumer)0
Total allocated by GraphicBufferAllocator (estimate): 40800.00 KB
Imported gralloc buffers:
+ name:VRI[PrototypeTestActivity]#0(BLAST Consumer)0, id:1793, size:10276.00KiB, w/h:1080x2400, usage: 0x10000900, req fmt:1, fourcc/mod:875708993/0, dataspace: 0x8810000, compressed: true
	planes: R/G/B/A:	 w/h:1080x2400, stride:4352 bytes, size:10522624
+ name:VRI[PrototypeTestActivity]#0(BLAST Consumer)0, id:1792, size:10276.00KiB, w/h:1080x2400, usage: 0x10000900, req fmt:1, fourcc/mod:875708993/0, dataspace: 0x8810000, compressed: true
	planes: R/G/B/A:	 w/h:1080x2400, stride:4352 bytes, size:10522624
+ name:VRI[PrototypeTestActivity]#0(BLAST Consumer)0, id:1791, size:10276.00KiB, w/h:1080x2400, usage: 0x10000900, req fmt:1, fourcc/mod:875708993/0, dataspace: 0x8810000, compressed: true
	planes: R/G/B/A:	 w/h:1080x2400, stride:4352 bytes, size:10522624
+ name:VRI[PrototypeTestActivity]#0(BLAST Consumer)0, id:1790, size:10276.00KiB, w/h:1080x2400, usage: 0x10000900, req fmt:1, fourcc/mod:875708993/0, dataspace: 0x8810000, compressed: true
	planes: R/G/B/A:	 w/h:1080x2400, stride:4352 bytes, size:10522624
Total imported by gralloc: 41104.00KiB

Profile data in ms:

	com.phnem.vetro.audioprototype/com.example.myapplication.audiobooks.ui.PrototypeTestActivity/android.view.ViewRootImpl@9848387 (visibility=0)
Window: com.phnem.vetro.audioprototype/com.example.myapplication.audiobooks.ui.PrototypeTestActivity
Stats since: 679906430803759ns
Total frames rendered: 1460
Janky frames: 81 (5.55%)
Janky frames (legacy): 554 (37.95%)
50th percentile: 9ms
90th percentile: 17ms
95th percentile: 22ms
99th percentile: 36ms
Number Missed Vsync: 50
Number High input latency: 1874
Number Slow UI thread: 76
Number Slow bitmap uploads: 0
Number Slow issue draw commands: 35
Number Frame deadline missed: 81
Number Frame deadline missed (legacy): 76
HISTOGRAM: 5ms=370 6ms=146 7ms=116 8ms=86 9ms=98 10ms=94 11ms=100 12ms=74 13ms=80 14ms=68 15ms=44 16ms=26 17ms=24 18ms=24 19ms=16 20ms=12 21ms=8 22ms=6 23ms=8 24ms=12 25ms=8 26ms=6 27ms=4 28ms=0 29ms=4 30ms=2 31ms=4 32ms=2 34ms=2 36ms=6 38ms=2 40ms=0 42ms=0 44ms=2 46ms=0 48ms=2 53ms=0 57ms=0 61ms=0 65ms=0 69ms=0 73ms=0 77ms=0 81ms=0 85ms=0 89ms=0 93ms=0 97ms=0 101ms=0 105ms=0 109ms=2 113ms=0 117ms=0 121ms=0 125ms=0 129ms=0 133ms=0 150ms=0 200ms=2 250ms=0 300ms=0 350ms=0 400ms=0 450ms=0 500ms=0 550ms=0 600ms=0 650ms=0 700ms=0 750ms=0 800ms=0 850ms=0 900ms=0 950ms=0 1000ms=0 1050ms=0 1100ms=0 1150ms=0 1200ms=0 1250ms=0 1300ms=0 1350ms=0 1400ms=0 1450ms=0 1500ms=0 1550ms=0 1600ms=0 1650ms=0 1700ms=0 1750ms=0 1800ms=0 1850ms=0 1900ms=0 1950ms=0 2000ms=0 2050ms=0 2100ms=0 2150ms=0 2200ms=0 2250ms=0 2300ms=0 2350ms=0 2400ms=0 2450ms=0 2500ms=0 2550ms=0 2600ms=0 2650ms=0 2700ms=0 2750ms=0 2800ms=0 2850ms=0 2900ms=0 2950ms=0 3000ms=0 3050ms=0 3100ms=0 3150ms=0 3200ms=0 3250ms=0 3300ms=0 3350ms=0 3400ms=0 3450ms=0 3500ms=0 3550ms=0 3600ms=0 3650ms=0 3700ms=0 3750ms=0 3800ms=0 3850ms=0 3900ms=0 3950ms=0 4000ms=0 4050ms=0 4100ms=0 4150ms=0 4200ms=0 4250ms=0 4300ms=0 4350ms=0 4400ms=0 4450ms=0 4500ms=0 4550ms=0 4600ms=0 4650ms=0 4700ms=0 4750ms=0 4800ms=0 4850ms=0 4900ms=0 4950ms=0
50th gpu percentile: 2ms
90th gpu percentile: 5ms
95th gpu percentile: 5ms
99th gpu percentile: 5ms
GPU HISTOGRAM: 1ms=18 2ms=820 3ms=110 4ms=354 5ms=146 6ms=12 7ms=0 8ms=0 9ms=0 10ms=0 11ms=0 12ms=0 13ms=0 14ms=0 15ms=0 16ms=0 17ms=0 18ms=0 19ms=0 20ms=0 21ms=0 22ms=0 23ms=0 24ms=0 25ms=0 4950ms=0


RenderLite trim renderNode error: 0

---PROFILEDATA---
Flags,FrameTimelineVsyncId,IntendedVsync,Vsync,InputEventId,HandleInputStart,AnimationStart,PerformTraversalsStart,DrawStart,FrameDeadline,FrameStartTime,FrameInterval,WorkloadTarget,SyncQueued,SyncStart,IssueDrawCommandsStart,SwapBuffers,FrameCompleted,DequeueBufferDuration,QueueBufferDuration,GpuCompleted,SwapBuffersCompleted,DisplayPresentTime,CommandSubmissionCompleted,
0,1137350,679917989401503,679917989401503,0,679917994533494,679917994535577,679917994540681,679917994618286,679918027901126,679917994484796,8277780,13666666,679917997552452,679917997611411,679917997771827,679918000351150,679918003990994,9635,187136,679918003990994,679918000836984,0,679918000351150,
0,1137372,679918005956107,679918005956107,0,679918009844588,679918009846306,679918009850786,679918009915421,679918044456648,679918009796567,8277742,13666666,679918012791150,679918012842244,679918012949640,679918015564588,679918019100004,9114,199427,679918019100004,679918016034692,0,679918015564588,
0,1137394,679918022510676,679918022510676,0,679918025017088,679918025019015,679918025025942,679918025095161,679918061012095,679918024961254,8277705,13666666,679918027990786,679918028046827,679918028157661,679918030635629,679918034361671,7813,168282,679918034361671,679918031023546,0,679918030635629,
0,1137416,679918039065031,679918039065031,0,679918039745525,679918039747036,679918039751723,679918039804327,679918077567419,679918039702713,8277619,13666666,679918042469484,679918042522713,679918042622817,679918045136254,679918048838754,7864,177291,679918048838754,679918045546723,0,679918045136254,
0,1137438,679918055619304,679918055619304,0,679918056314588,679918056316567,679918056322192,679918056380265,679918094122612,679918056263077,8277574,13666666,679918059107452,679918059162765,679918059262973,679918061859692,679918065608702,6823,174583,679918065608702,679918062267713,0,679918061859692,
0,1137460,679918072173535,679918072173535,0,679918072878390,679918072879796,679918072885056,679918072947817,679918110677709,679918072819744,8277523,13666666,679918075697452,679918075755577,679918075857192,679918078654015,679918082434015,6927,217240,679918082434015,679918079131567,0,679918078654015,
0,1137474,679918080450101,679918080450101,0,679918083042765,679918083045109,679918083050265,679918083122244,679918127232755,679918082991671,8277523,13666666,679918086079223,679918086122400,679918086211567,679918088636411,679918093290473,6822,357865,679918093290473,679918089201411,0,679918088636411,
0,1137497,679918097004770,679918097004770,0,679918098875004,679918098877348,679918098885004,679918098979692,679918143787779,679918098813181,8277501,13666666,679918102049067,679918102113546,679918102214327,679918104681098,679918108461984,7656,229218,679918108461984,679918105146359,0,679918104681098,
0,1137519,679918113559990,679918113559990,0,679918114265577,679918114268494,679918114274796,679918114352921,679918160342785,679918114191567,8277505,13666666,679918117242817,679918117296671,679918117397973,679918119850109,679918123612192,7604,176302,679918123612192,679918120274640,0,679918119850109,
0,1137541,679918130115498,679918138393022,0,679918140197556,679918140198546,679918140201931,679918140299796,679918176897814,679918140156671,8277524,13666666,679918142621254,679918142685577,679918142787556,679918145345681,679918148255161,9010,210677,679918148255161,679918145789431,0,679918145345681,
0,1137598,679918179782353,679918179782353,0,679918180437661,679918180438859,679918180442452,679918180494275,679918193449019,679918180400004,8277580,13666666,679918181030525,679918181084484,679918181172192,679918182248390,679918184809536,8855,233489,679918184809536,679918182889379,0,679918182248390,
0,1137621,679918196337513,679918196337513,0,679918200313390,679918200315629,679918200321619,679918200413286,679918226559339,679918200230838,8277580,13666666,679918203712140,679918203791358,679918203963077,679918207615161,679918211215213,12865,324948,679918211215213,679918208244327,0,679918207615161,
0,1137643,679918212894540,679918212894540,0,679918214527504,679918214528963,679918214532556,679918214588911,679918243114555,679918214486775,8277636,13666666,679918217033754,679918217083598,679918217197713,679918219951306,679918223398338,8698,256719,679918223398338,679918220520161,0,679918219951306,
0,1137665,679918229451514,679918237729202,0,679918239349900,679918239351983,679918239358286,679918239435161,679918259669879,679918239291671,8277688,13666666,679918243312296,679918243367348,679918243505786,679918246442192,679918250288702,11302,215521,679918250288702,679918246962921,0,679918246442192,
0,1137694,679918254286192,679918254286192,0,679918256767088,679918256768598,679918256778338,679918256852504,679918284508336,679918256708702,8277739,13666666,679918260650004,679918260707296,679918260937869,679918263942036,679918268050681,10156,200885,679918268050681,679918264499379,0,679918263942036,
0,1137716,679918270842646,679918270842646,0,679918273127088,679918273128494,679918273133286,679918273186306,679918301063848,679918273089483,8277773,13666666,679918276489796,679918276543286,679918276753598,679918278332869,679918282385577,8073,223802,679918282385577,679918279064640,0,679918278332869,
0,1137738,679918287398700,679918287398700,0,679918289675629,679918289677192,679918289681463,679918289743129,679918317619416,679918289627348,8277795,13666666,679918293153546,679918293210942,679918293376150,679918295195317,679918298708911,10104,227917,679918298708911,679918295944067,0,679918295195317,
0,1137760,679918303954446,679918303954446,0,679918305200525,679918305202192,679918305206150,679918305266827,679918334175018,679918305156411,8277807,13666666,679918308574067,679918308624640,679918308772192,679918310464588,679918313691879,9375,231823,679918313691879,679918311193442,0,679918310464588,
0,1137783,679918320509595,679918320509595,0,679918321129588,679918321131671,679918321138077,679918321213338,679918350730627,679918321072556,8277802,13666666,679918324535994,679918324585681,679918324727244,679918326349483,679918329519796,7552,203802,679918329519796,679918327058546,0,679918326349483,
0,1137805,679918337064008,679918337064008,0,679918338987140,679918338988650,679918338994640,679918339059119,679918367286210,679918338935421,8277781,13666666,679918340433702,679918340483754,679918340727556,679918341782400,679918343712765,8073,213907,679918343712765,679918342357140,0,679918341782400,
0,1137827,679918353619002,679918353619002,0,679918354406567,679918354407869,679918354413442,679918354469223,679918383841759,679918354364796,8277768,13666666,679918355701046,679918355758858,679918355842921,679918356956046,679918358844952,8854,179271,679918358844952,679918357460108,0,679918356956046,
0,1137850,679918370173864,679918370173864,0,679918370785786,679918370787504,679918370794067,679918370857244,679918400397277,679918370731879,8277750,13666666,679918372620108,679918372684640,679918372786150,679918374129536,679918376140421,9271,286667,679918376140421,679918374879015,0,679918374129536,
0,1137873,679918386728708,679918386728708,0,679918387367400,679918387368754,679918387374431,679918387435213,679918416952756,679918387307192,8277729,13666666,679918389040681,679918389105369,679918389197556,679918390354744,679918392342244,8021,237240,679918392342244,679918390931931,0,679918390354744,
0,1137888,679918395006207,679918395006207,0,679918398679796,679918398681098,679918398686098,679918398736983,679918433508201,679918398638702,8277716,13666666,679918400048754,679918400089744,679918400172765,679918401260265,679918402910369,7084,267188,679918402910369,679918401918025,0,679918401260265,
0,1137911,679918411561919,679918411561919,0,679918413964483,679918413966567,679918413972817,679918414065056,679918450063635,679918413896202,8277718,13666666,679918415731567,679918415792921,679918415899640,679918417183963,679918418885160,11979,379010,679918418885160,679918417940838,0,679918417183963,
0,1137933,679918428117986,679918428117986,0,679918430417713,679918430420629,679918430429692,679918430531410,679918466619083,679918430340160,8277730,13666666,679918432671358,679918432744796,679918432857817,679918434337296,679918436351983,10469,339896,679918436351983,679918435188390,0,679918434337296,
0,1137955,679918444673951,679918444673951,0,679918445857921,679918445859952,679918445865108,679918445931046,679918483174550,679918445795733,8277737,13666666,679918447653650,679918447721983,679918447842556,679918449509275,679918451401775,11615,320156,679918451401775,679918450303806,0,679918449509275,
0,1137977,679918461230160,679918461230160,0,679918461879275,679918461881775,679918461889952,679918461981098,679918499730040,679918461799171,8277753,13666666,679918463822660,679918463896202,679918464022348,679918465418390,679918467107452,10156,216041,679918467107452,679918465995265,0,679918465418390,
0,1138000,679918477786446,679918477786446,0,679918478517088,679918478518546,679918478524327,679918478588650,679918516285564,679918478460994,8277771,13666666,679918480163077,679918480214900,679918480319015,679918481687973,679918483390108,9375,365052,679918483390108,679918482473338,0,679918481687973,
0,1138023,679918494343064,679918494343064,0,679918497429015,679918497430525,679918497434275,679918497486827,679918532841136,679918497390785,8277801,13666666,679918498755265,679918498816358,679918498921879,679918500430213,679918502210056,11094,208021,679918502210056,679918501079640,0,679918500430213,
0,1138088,679918544015317,679918544015317,0,679918544717504,679918544718494,679918544723390,679918544812608,679918557681983,679918544646827,8277983,13666666,679918552284483,679918552373546,679918552645525,679918554708285,679918556505733,22083,348177,679918556505733,679918555699067,0,679918554708285,
0,1138102,679918552293300,679918552293300,0,679918554336254,679918554337088,679918554341723,679918554394848,679918565959966,679918554282452,8277983,13666666,679918554503806,679918555721358,679918555786931,679918556235942,679918557037817,5261,192917,679918557037817,679918556639535,0,679918556235942,
0,1138125,679918568855263,679918568855263,0,679918569623338,679918569624848,679918569630681,679918569708858,679918582521929,679918569559796,8278213,13666666,679918571772921,679918571843963,679918572081879,679918573394744,679918574885056,11198,201302,679918574885056,679918573964275,0,679918573394744,
0,1138148,679918585414363,679918585414363,0,679918586119952,679918586121358,679918586126567,679918586192973,679918599081029,679918586069692,8278326,13666666,679918588224692,679918588362452,679918588509379,679918589876879,679918591481254,10730,274219,679918591481254,679918590600108,0,679918589876879,
0,1138162,679918593694797,679918593694797,0,679918598042660,679918598043963,679918598048494,679918598105525,679918607361463,679918597997973,8278420,13666666,679918599804848,679918599896306,679918600105577,679918601378285,679918602919848,16406,260208,679918602919848,679918602102973,0,679918601378285,
0,1138192,679918610253702,679918610253702,0,679918612492869,679918612494067,679918612497244,679918612548129,679918623920368,679918612448754,8278511,13666666,679918613737504,679918613784483,679918613866515,679918615027244,679918616661046,9479,205104,679918616661046,679918615619848,0,679918615027244,
0,1138214,679918626812062,679918626812062,0,679918627705942,679918627708337,679918627715942,679918627800473,679918640478728,679918627640629,8278570,13666666,679918630064900,679918630141358,679918630255369,679918631725265,679918633406775,9531,229062,679918633406775,679918632426723,0,679918631725265,
0,1138236,679918643370099,679918643370099,0,679918644095890,679918644098129,679918644106098,679918644197087,679918657036765,679918643989223,8278610,13666666,679918646280890,679918646345265,679918646457504,679918647897556,679918649699015,10312,266666,679918649699015,679918648647921,0,679918647897556,
0,1138258,679918659927892,679918659927892,0,679918660852244,679918660854327,679918660860837,679918660942244,679918673594558,679918660780629,8278639,13666666,679918662570369,679918662625160,679918662711410,679918663889640,679918665619640,8542,196927,679918665619640,679918664469119,0,679918663889640,
0,1138273,679918668206898,679918668206898,0,679918669184431,679918669185629,679918669190056,679918669243598,679918681873564,679918669144796,8278661,13666666,679918670373494,679918670414640,679918670485212,679918671397192,679918672853233,6406,173385,679918672853233,679918671919848,0,679918671397192,
0,1138296,679918684764448,679918684764448,0,679918685459483,679918685461515,679918685468650,679918685547296,679918698431114,679918685398129,8278672,13666666,679918687128390,679918687183546,679918687267244,679918688449744,679918690116358,9167,194219,679918690116358,679918688988077,0,679918688449744,
0,1138319,679918701321764,679918701321764,0,679918702030577,679918702034223,679918702050473,679918702247973,679918714988430,679918701967400,8278670,13666666,679918703803650,679918703866202,679918703970890,679918705317244,679918707132400,9844,342031,679918707132400,679918706076306,0,679918705317244,
0,1138334,679918709600219,679918709600219,0,679918711115473,679918711116775,679918711122035,679918711185160,679918723266885,679918711072973,8278663,13666666,679918712583233,679918712621775,679918712705890,679918713822817,679918715421202,8489,230677,679918715421202,679918714454796,0,679918713822817,
0,1138357,679918726157110,679918726157110,0,679918726981879,679918726983442,679918726991462,679918727057556,679918739823776,679918726890525,8278651,13666666,679918728823962,679918728894952,679918728993858,679918730261931,679918732059952,10052,228386,679918732059952,679918730867192,0,679918730261931,
0,1138380,679918742713975,679918742713975,0,679918743368546,679918743370785,679918743380317,679918743492660,679918756380641,679918743291410,8278640,13666666,679918745741098,679918745870994,679918746030160,679918748205994,679918750042087,13854,441823,679918750042087,679918749316098,0,679918748205994,
0,1138394,679918750992237,679918750992237,0,679918755453077,679918755454431,679918755459171,679918755531358,679918764658903,679918755402556,8278628,13666666,679918756971358,679918757032244,679918757130994,679918758452556,679918761487244,7969,315313,679918761487244,679918759213858,0,679918758452556,
0,1138417,679918767548809,679918767548809,0,679918769136358,679918769138337,679918769144171,679918769221515,679918781215475,679918769081306,8278603,13666666,679918771794640,679918771871515,679918771992348,679918773212817,679918774878233,10208,190833,679918774878233,679918773799171,0,679918773212817,
0,1138439,679918784104985,679918784104985,0,679918784786567,679918784787973,679918784792660,679918784853442,679918797771651,679918784740160,8278561,13666666,679918786290994,679918786353129,679918786460212,679918787795681,679918789492921,8593,265208,679918789492921,679918788493442,0,679918787795681,
0,1138462,679918800661058,679918800661058,0,679918801532296,679918801533442,679918801537869,679918801586723,679918814327724,679918801459692,8278515,13666666,679918802811671,679918802868337,679918802955421,679918804136306,679918805895994,8334,201042,679918805895994,679918804745994,0,679918804136306,
0,1138477,679918808938542,679918808938542,0,679918809621515,679918809622556,679918809625890,679918809667504,679918822605208,679918809585108,8278471,13666666,679918810714327,679918810756827,679918810843754,679918812098702,679918813646983,8594,207605,679918813646983,679918812728494,0,679918812098702,
0,1138500,679918825494684,679918825494684,0,679918826334275,679918826335837,679918826340629,679918826395004,679918839161350,679918826273337,8278437,13666666,679918827921150,679918827995473,679918828182140,679918829455369,679918831101879,11979,186823,679918831101879,679918829978962,0,679918829455369,
0,1138515,679918833772319,679918833772319,0,679918836665890,679918836666983,679918836670473,679918836727817,679918847438985,679918836625577,8278401,13666666,679918838086462,679918838145681,679918838234379,679918839385473,679918840980785,6979,208490,679918840980785,679918840033129,0,679918839385473,
0,1138538,679918850328136,679918850328136,0,679918851233442,679918851235681,679918851244379,679918851340160,679918863994802,679918851165108,8278353,13666666,679918852990629,679918853124014,679918853206254,679918854248598,679918855908754,9687,173698,679918855908754,679918854728598,0,679918854248598,
0,1138561,679918866883708,679918866883708,0,679918867589223,679918867591150,679918867598025,679918867680369,679918880550374,679918867532400,8278298,13666666,679918869267035,679918869327139,679918869417035,679918870540994,679918872400629,8333,207656,679918872400629,679918871090369,0,679918870540994,
0,1138576,679918875161160,679918875161160,0,679918878277869,679918878279119,679918878283181,679918878335942,679918888827826,679918878242139,8278254,13666666,679918879542296,679918879589535,679918879670369,679918880789692,679918882266775,8646,210677,679918882266775,679918881370004,0,679918880789692,
0,1138592,679918891717134,679918891717134,0,679918899883702,679918899885004,679918899889483,679918899948337,679918905383800,679918899840160,8278227,13666666,679918901280942,679918901336254,679918901449587,679918902848598,679918904607869,12917,206875,679918904607869,679918903501879,0,679918902848598,
0,1138607,679918941384845,679918941384845,0,679918942003598,679918942005317,679918942010837,679918942085056,679918955051511,679918941946410,8278161,13666666,679918943196202,679918943272504,679918943405681,679918944846983,679918946401931,20938,381198,679918946401931,679918945756514,0,679918944846983,
0,1138616,679918957941167,679918966219328,0,679918968823442,679918968825317,679918968831723,679918968913129,679918988164155,679918968753337,8278161,13666666,679918970662244,679918970737973,679918970879067,679918972631827,679918974321202,13281,197813,679918974321202,679918973247348,0,679918972631827,
32,1138632,679918982772259,679918982772259,0,679918984301254,679918984302400,679918984328181,679918984398285,679918996438925,679918984262296,8278037,13666666,679918986251879,679918986315785,679918986440785,679918987993233,679918989960889,10157,208385,679918989960889,679918988717764,0,679918987993233,
0,1138640,679918999326530,679918999326530,0,679918999955212,679918999958858,679918999971514,679919000120108,679919012993196,679918999885629,8277973,13666666,679919001846254,679919001918806,679919002012296,679919003251410,679919005138337,8281,212084,679919005138337,679919003847921,0,679919003251410,
0,1138649,679919015881092,679919024159017,0,679919029946306,679919029948233,679919029955317,679919030061150,679919054381533,679919029885056,8277925,13666666,679919033375994,679919033440212,679919033653546,679919035790681,679919039120264,14583,289531,679919039120264,679919036917817,0,679919035790681,
0,1138657,679919040712784,679919040712784,0,679919044394067,679919044395160,679919044399796,679919044458702,679919070937312,679919044349692,8277854,13666666,679919047139275,679919047201671,679919047517192,679919049778494,679919053296306,13855,302812,679919053296306,679919050822504,0,679919049778494,
0,1138665,679919057266072,679919057266072,0,679919060703546,679919060704535,679919060709119,679919060765785,679919087492936,679919060659587,8277770,13666666,679919063584223,679919063646566,679919063826514,679919065762869,679919069409066,11146,251302,679919069409066,679919066583077,0,679919065762869,
0,1138673,679919073818543,679919073818543,0,679919076346879,679919076348285,679919076354014,679919076411983,679919104048372,679919076307191,8277666,13666666,679919079670316,679919079732816,679919079917400,679919082031775,679919085800577,10261,232396,679919085800577,679919082890785,0,679919082031775,
0,1138681,679919090370821,679919090370821,0,679919091374483,679919091375473,679919091380264,679919091425525,679919120603600,679919091337035,8277562,13666666,679919094241879,679919094292087,679919094467400,679919096506046,679919100895785,9427,236667,679919100895785,679919097366983,0,679919096506046,
0,1138689,679919106923043,679919106923043,0,679919107404119,679919107405160,679919107408494,679919107447452,679919137158623,679919107369119,8277461,13666666,679919111000681,679919111051306,679919111300473,679919114809639,679919118885264,9428,229635,679919118885264,679919115396358,0,679919114809639,
0,1138697,679919123475174,679919123475174,0,679919124087191,679919124088754,679919124093285,679919124149119,679919153713446,679919124043650,8277362,13666666,679919127472087,679919127532191,679919127771046,679919130797087,679919135185629,8282,325260,679919135185629,679919131463650,0,679919130797087,
0,1138705,679919140027073,679919140027073,0,679919140766723,679919140768285,679919140773129,679919140819431,679919170268068,679919140728806,8277260,13666666,679919143873129,679919143933702,679919144134900,679919147179796,679919150972452,9375,233958,679919150972452,679919147738077,0,679919147179796,
0,1138713,679919156578974,679919156578974,0,679919157209587,679919157210994,679919157215941,679919157269848,679919186822490,679919157167921,8277162,13666666,679919160267244,679919160323598,679919160481775,679919163629744,679919167606879,9062,373646,679919167606879,679919164351514,0,679919163629744,
0,1138720,679919164854087,679919164854087,0,679919168630108,679919168631566,679919168636410,679919168681046,679919203376733,679919168592244,8277081,13666666,679919171472869,679919171540004,679919171691046,679919174742608,679919179767504,7656,231615,679919179767504,679919175278962,0,679919174742608,
0,1138729,679919181406311,679919181406311,0,679919183631671,679919183632764,679919183637712,679919183683910,679919219930819,679919183594796,8277005,13666666,679919186510837,679919186579275,679919186729327,679919189753025,679919194099691,9063,223178,679919194099691,679919190314587,0,679919189753025,
0,1138737,679919197958231,679919197958231,0,679919203840889,679919203842452,679919203848129,679919203916202,679919236484746,679919203693910,8276922,13666666,679919206739952,679919206813910,679919207021931,679919210226827,679919213768650,11146,318646,679919213768650,679919210829014,0,679919210226827,
0,1138745,679919222785219,679919222785219,0,679919223439066,679919223440577,679919223445004,679919223498181,679919253038433,679919223394119,8276765,13666666,679919225879066,679919225945681,679919226068129,679919229483754,679919232930629,14687,292760,679919232930629,679919230117608,0,679919229483754,
0,1138752,679919231061984,679919231061984,0,679919234233702,679919234235056,679919234240473,679919234298598,679919269591963,679919234188806,8276765,13666666,679919237050212,679919237107296,679919237223441,679919240235577,679919244618754,8698,308907,679919244618754,679919240763546,0,679919240235577,
0,1138761,679919247613774,679919247613774,0,679919249141254,679919249142452,679919249146358,679919249199900,679919286145421,679919249105108,8276693,13666666,679919251689327,679919251746306,679919251874119,679919255051462,679919258603806,10104,241042,679919258603806,679919255594431,0,679919255051462,
0,1138769,679919264165564,679919264165564,0,679919264664900,679919264666046,679919264669483,679919264716254,679919302698739,679919264629483,8276625,13666666,679919267239952,679919267282660,679919267387139,679919270134744,679919273735264,7343,227604,679919273735264,679919270594796,0,679919270134744,
0,1138777,679919280717233,679919280717233,0,679919281257712,679919281259587,679919281266254,679919281341931,679919319251917,679919281206046,8276553,13666666,679919283738025,679919283784327,679919283909743,679919286711046,679919290475421,8958,212709,679919290475421,679919287160577,0,679919286711046,
0,1138784,679919288992477,679919288992477,0,679919292228754,679919292229848,679919292235004,679919292290941,679919335804957,679919292186150,8276487,13666666,679919294314379,679919294359952,679919294463910,679919297107348,679919301637400,6979,214531,679919301637400,679919297539900,0,679919297107348,
0,1138793,679919305544838,679919305544838,0,679919307852087,679919307853493,679919307859431,679919307934014,679919352357903,679919307790421,8276459,13666666,679919311143754,679919311204796,679919311355577,679919314658077,679919318406462,11771,232709,679919318406462,679919315162191,0,679919314658077,
0,1138801,679919322097336,679919322097336,0,679919322664118,679919322665421,679919322669118,679919322723754,679919368910804,679919322615160,8276442,13666666,679919325707973,679919325790733,679919325920681,679919328946358,679919332592139,8906,246667,679919332592139,679919329482296,0,679919328946358,
0,1138809,679919338649649,679919346926071,0,679919350565421,679919350566671,679919350570629,679919350626098,679919385463668,679919350517400,8276422,13666666,679919353138910,679919353193962,679919353315577,679919355915733,679919358873962,12031,262604,679919358873962,679919356458285,0,679919355915733,
0,1138852,679919396582827,679919396582827,0,679919397372921,679919397374535,679919397379587,679919397466358,679919410249493,679919397313389,8276366,13666666,679919398424639,679919398505941,679919398671150,679919400512400,679919403868285,19791,412448,679919403868285,679919401520368,0,679919400512400,
0,1138875,679919413135559,679919413135559,0,679919420483702,679919420485264,679919420489743,679919420556514,679919451631323,679919420434171,8276366,13666666,679919423988233,679919424054952,679919424212660,679919427866306,679919431257191,12187,302813,679919431257191,679919428568181,0,679919427866306,
0,1138905,679919437965027,679919437965027,0,679919438874118,679919438875941,679919438881514,679919438973181,679919468184059,679919438807973,8276370,13666666,679919443808129,679919443906879,679919444105837,679919449373858,679919452789743,9688,349687,679919452789743,679919450019587,0,679919449373858,
0,1138920,679919446242008,679919454518394,0,679919459806410,679919459807452,679919459811931,679919459871306,679919484736815,679919459748598,8276386,13666666,679919463229691,679919463296254,679919463435993,679919466412608,679919470599066,10260,165521,679919470599066,679919466865473,0,679919466412608,
0,1138950,679919471071823,679919471071823,0,679919476230004,679919476232139,679919476238598,679919476315941,679919501289604,679919476171410,8276403,13666666,679919480186046,679919480247243,679919480480941,679919483711983,679919487849171,8854,248438,679919487849171,679919484325160,0,679919483711983,
0,1138973,679919487625456,679919487625456,0,679919493318962,679919493320785,679919493326358,679919493397348,679919517842441,679919493274795,8276434,13666666,679919496994483,679919497056983,679919497282348,679919498990577,679919503033650,9635,273125,679919503033650,679919499747452,0,679919498990577,
0,1138995,679919504178794,679919504178794,0,679919509454014,679919509455473,679919509460264,679919509523806,679919534395329,679919509409743,8276454,13666666,679919512944327,679919512994795,679919513174900,679919515023181,679919518445473,10000,175833,679919518445473,679919515657139,0,679919515023181,
0,1139018,679919520731919,679919520731919,0,679919526864327,679919526866618,679919526874483,679919526968650,679919550948252,679919526805212,8276469,13666666,679919530919535,679919530985785,679919531135785,679919533207973,679919536489639,6094,226198,679919536489639,679919533998389,0,679919533207973,
0,1139048,679919545561451,679919545561451,0,679919546248858,679919546250525,679919546258077,679919546328754,679919559228117,679919546193181,8276482,13666666,679919549958493,679919550018389,679919550172920,679919552250212,679919555447452,12240,243073,679919555447452,679919553038181,0,679919552250212,
0,1139070,679919562114645,679919562114645,0,679919565990993,679919565992764,679919565997348,679919566072035,679919575781311,679919565930629,8276495,13666666,679919567787504,679919567875264,679919568149535,679919569399587,679919571328650,7969,284427,679919571328650,679919570053129,0,679919569399587,
0,1139093,679919578667728,679919578667728,0,679919580961202,679919580962660,679919580966462,679919581030577,679919592334394,679919580907400,8276505,13666666,679919582362556,679919582431098,679919582530264,679919583828598,679919585938025,7969,236302,679919585938025,679919584497400,0,679919583828598,
0,1139115,679919595220762,679919595220762,0,679919597507295,679919597510160,679919597518441,679919597632400,679919608887428,679919597413910,8276515,13666666,679919599708025,679919599764275,679919599850993,679919601022295,679919602928181,6927,247865,679919602928181,679919601624118,0,679919601022295,
0,1139138,679919611773571,679919611773571,0,679919612713493,679919612714900,679919612719795,679919612787504,679919625440237,679919612658285,8276513,13666666,679919614140420,679919614213129,679919614336358,679919615796358,679919617675212,11250,221458,679919617675212,679919616426983,0,679919615796358,
0,1139161,679919628326163,679919628326163,0,679919628985941,679919628988025,679919628994639,679919629068129,679919641992829,679919628930889,8276502,13666666,679919630554431,679919630612660,679919630730577,679919631883077,679919633522452,8750,261614,679919633522452,679919632489535,0,679919631883077,
0,1139184,679919644878518,679919644878518,0,679919645804066,679919645805473,679919645810056,679919645865108,679919658545184,679919645758910,8276477,13666666,679919647123858,679919647195316,679919647321254,679919648731045,679919650577608,11615,198907,679919650577608,679919649291410,0,679919648731045,
0,1139199,679919653153720,679919653153720,0,679919658463025,679919658464743,679919658469118,679919658535473,679919666820386,679919658408806,8276402,13666666,679919659853389,679919659918650,679919660058337,679919661464639,679919664383181,9896,251458,679919664383181,679919662143181,0,679919661464639,
0,1139222,679919669705987,679919669705987,0,679919672899848,679919672901306,679919672905577,679919672969691,679919683372653,679919672841306,8276363,13666666,679919674404795,679919674461150,679919674556306,679919675826827,679919677519275,9896,174115,679919677519275,679919676444900,0,679919675826827,
0,1139245,679919686258746,679919686258746,0,679919688660837,679919688662556,679919688666775,679919688732973,679919699925412,679919688603181,8276368,13666666,679919690298910,679919690355004,679919690465837,679919691840004,679919693635473,10677,174739,679919693635473,679919692507504,0,679919691840004,
0,1139267,679919702811300,679919702811300,0,679919703386410,679919703387452,679919703390941,679919703431254,679919716477966,679919703355525,8276359,13666666,679919704465681,679919704518702,679919704603962,679919705680420,679919707278858,6354,195781,679919707278858,679919706193806,0,679919705680420,
0,1139290,679919719364023,679919719364023,0,679919724070733,679919724073181,679919724079587,679919724162243,679919733030689,679919723980733,8276355,13666666,679919725520212,679919725575160,679919725665212,679919726764483,679919728383962,9583,186302,679919728383962,679919727315160,0,679919726764483,
0,1139356,679919769022260,679919769022260,0,679919769671045,679919769671670,679919769674222,679919769741931,679919782688926,679919769632764,8276365,13666666,679919774101827,679919774149587,679919774288545,679919775405056,679919776946618,11094,216979,679919776946618,679919776040993,0,679919775405056,
0,1139371,679919777298625,679919777298625,0,679919777962347,679919777963129,679919777967087,679919778010681,679919790965291,679919777919431,8276365,13666666,679919778095785,679919778149952,679919778205525,679919778510160,679919779962868,5104,158594,679919779962868,679919778812764,0,679919778510160,
0,1139394,679919793850403,679919793850403,0,679919794749431,679919794750889,679919794756462,679919794818545,679919807517069,679919794690004,8276326,13666666,679919796625316,679919796700837,679919796877191,679919798385577,679919799977816,9271,258229,679919799977816,679919799132712,0,679919798385577,
0,1139409,679919802125987,679919802125987,0,679919804975472,679919804976983,679919804980837,679919805038597,679919815792653,679919804932243,8276292,13666666,679919806589222,679919806647087,679919806771410,679919808053650,679919809497295,9688,314063,679919809497295,679919808813025,0,679919808053650,
0,1139432,679919818677860,679919818677860,0,679919819938337,679919819939535,679919819942868,679919820314431,679919832344526,679919819895733,8276265,13666666,679919821669952,679919821721827,679919821848702,679919822915160,679919824486827,9479,183021,679919824486827,679919823432712,0,679919822915160,
0,1139455,679919835229557,679919835229557,0,679919836288077,679919836289952,679919836295577,679919836368806,679919848896223,679919836223754,8276229,13666666,679919838328129,679919838398493,679919838519952,679919840290056,679919842077035,10886,294479,679919842077035,679919841051045,0,679919840290056,
0,1139478,679919851780427,679919851780427,0,679919853011775,679919853013285,679919853017816,679919853073077,679919865447093,679919852965993,8276104,13666666,679919854383962,679919854447347,679919854542243,679919855733858,679919857376254,9063,196615,679919857376254,679919856328910,0,679919855733858,
0,1139501,679919868331885,679919868331885,0,679919869121462,679919869122712,679919869127920,679919869190889,679919881998551,679919869059170,8276104,13666666,679919870794222,679919870864743,679919870992243,679919872372764,679919874146202,9375,276563,679919874146202,679919873076566,0,679919872372764,
0,1139516,679919876607596,679919876607596,0,679919877298650,679919877300420,679919877307920,679919877383806,679919890274262,679919877240264,8276076,13666666,679919878902712,679919878972139,679919879151045,679919880420056,679919882149639,9584,192761,679919882149639,679919880965629,0,679919880420056,
0,1139539,679919893160118,679919893160118,0,679919893926462,679919893928910,679919893938858,679919894043077,679919906826784,679919893848650,8276082,13666666,679919896883545,679919896986879,679919897126827,679919898931202,679919900791097,12760,313125,679919900791097,679919899742139,0,679919898931202,
0,1139554,679919901436516,679919901436516,0,679919904213962,679919904215108,679919904219118,679919904286879,679919915103182,679919904159847,8276095,13666666,679919905609066,679919905664639,679919905817452,679919907313129,679919908896670,13750,241459,679919908896670,679919907982452,0,679919907313129,
0,1139577,679919917988826,679919917988826,0,679919918574639,679919918576462,679919918583233,679919918690993,679919931655492,679919918511879,8276098,13666666,679919919922295,679919919970264,679919920075837,679919921216045,679919922794066,8542,161875,679919922794066,679919921721566,0,679919921216045,
0,1139600,679919934540788,679919934540788,0,679919935342816,679919935345577,679919935353389,679919935438806,679919948207454,679919935277243,8276084,13666666,679919937791202,679919937988077,679919938146306,679919940192816,679919942403129,12135,312604,679919942403129,679919941114691,0,679919940192816,
0,1139623,679919951092122,679919951092122,0,679919951509483,679919951510837,679919951515108,679919951570629,679919964758788,679919951464066,8276042,13666666,679919952905889,679919952972347,679919953063597,679919954298077,679919955922191,7916,187031,679919955922191,679919954835264,0,679919954298077,
0,1139638,679919959367751,679919959367751,0,679919960191722,679919960192660,679919960196410,679919960256410,679919973034417,679919960154639,8276026,13666666,679919961198441,679919961236202,679919961309014,679919962304952,679919963832191,5365,165573,679919963832191,679919962794639,0,679919962304952,
0,1139661,679919975919298,679919975919298,0,679919976694952,679919976696202,679919976700316,679919976750264,679919989585964,679919976650524,8276006,13666666,679919978200837,679919978259066,679919978340993,679919979483806,679919981120941,8334,168959,679919981120941,679919979980629,0,679919979483806,
0,1139676,679919984194771,679919984194771,0,679919985955681,679919985956722,679919985959899,679919986008077,679919997861437,679919985918910,8275983,13666666,679919986967295,679919987011202,679919987088129,679919988200368,679919989723077,6823,217604,679919989723077,679919988840629,0,679919988200368,
0,1139699,679920000746132,679920000746132,0,679920001463962,679920001465785,679920001472347,679920001558129,679920014412798,679920001395785,8275956,13666666,679920002760733,679920002816774,679920002912764,679920004231670,679920005855785,8698,164844,679920005855785,679920004762920,0,679920004231670,
0,1139722,679920017296732,679920017296732,0,679920018039639,679920018041149,679920018045889,679920018104066,679920030963398,679920017982295,8275893,13666666,679920019538389,679920019601410,679920019698285,679920021191566,679917987074067,9583,221511,679917987074067,679920021845264,0,679920021191566,
---PROFILEDATA---


View hierarchy:

  com.phnem.vetro.audioprototype/com.example.myapplication.audiobooks.ui.PrototypeTestActivity/android.view.ViewRootImpl@9848387
  7 views, 13.09 kB of render nodes


  Dynamic VRI BBQ Log.  render_draw: false  hdr_dimmer: false  blur_blend: false  hwui_window_decor: false  sync_barrier: false

Total ViewRootImpl   : 1
Total attached Views : 7
Total RenderNode     : 13.09 kB (used) / 37.09 kB (capacity)

