Applications Graphics Acceleration Info:
Uptime: 731671986 Realtime: 1358090209

** Graphics info for pid 26018 [com.phnem.vetro.ab07smoke] **

Stats since: 731602513894507ns
Total frames rendered: 1098
Janky frames: 263 (23.95%)
Janky frames (legacy): 772 (70.31%)
50th percentile: 13ms
90th percentile: 38ms
95th percentile: 40ms
99th percentile: 44ms
Number Missed Vsync: 0
Number High input latency: 1610
Number Slow UI thread: 263
Number Slow bitmap uploads: 0
Number Slow issue draw commands: 176
Number Frame deadline missed: 263
Number Frame deadline missed (legacy): 275
HISTOGRAM: 5ms=168 6ms=60 7ms=78 8ms=46 9ms=54 10ms=26 11ms=60 12ms=38 13ms=36 14ms=26 15ms=4 16ms=12 17ms=10 18ms=10 19ms=8 20ms=12 21ms=16 22ms=22 23ms=38 24ms=36 25ms=38 26ms=30 27ms=12 28ms=12 29ms=10 30ms=12 31ms=10 32ms=18 34ms=30 36ms=40 38ms=36 40ms=48 42ms=28 44ms=12 46ms=2 48ms=0 53ms=0 57ms=0 61ms=0 65ms=0 69ms=0 73ms=0 77ms=0 81ms=0 85ms=0 89ms=0 93ms=0 97ms=0 101ms=0 105ms=0 109ms=0 113ms=0 117ms=0 121ms=0 125ms=0 129ms=0 133ms=0 150ms=0 200ms=0 250ms=0 300ms=0 350ms=0 400ms=0 450ms=0 500ms=0 550ms=0 600ms=0 650ms=0 700ms=0 750ms=0 800ms=0 850ms=0 900ms=0 950ms=0 1000ms=0 1050ms=0 1100ms=0 1150ms=0 1200ms=0 1250ms=0 1300ms=0 1350ms=0 1400ms=0 1450ms=0 1500ms=0 1550ms=0 1600ms=0 1650ms=0 1700ms=0 1750ms=0 1800ms=0 1850ms=0 1900ms=0 1950ms=0 2000ms=0 2050ms=0 2100ms=0 2150ms=0 2200ms=0 2250ms=0 2300ms=0 2350ms=0 2400ms=0 2450ms=0 2500ms=0 2550ms=0 2600ms=0 2650ms=0 2700ms=0 2750ms=0 2800ms=0 2850ms=0 2900ms=0 2950ms=0 3000ms=0 3050ms=0 3100ms=0 3150ms=0 3200ms=0 3250ms=0 3300ms=0 3350ms=0 3400ms=0 3450ms=0 3500ms=0 3550ms=0 3600ms=0 3650ms=0 3700ms=0 3750ms=0 3800ms=0 3850ms=0 3900ms=0 3950ms=0 4000ms=0 4050ms=0 4100ms=0 4150ms=0 4200ms=0 4250ms=0 4300ms=0 4350ms=0 4400ms=0 4450ms=0 4500ms=0 4550ms=0 4600ms=0 4650ms=0 4700ms=0 4750ms=0 4800ms=0 4850ms=0 4900ms=0 4950ms=0
50th gpu percentile: 2ms
90th gpu percentile: 16ms
95th gpu percentile: 17ms
99th gpu percentile: 18ms
GPU HISTOGRAM: 1ms=58 2ms=570 3ms=118 4ms=4 5ms=0 6ms=0 7ms=0 8ms=0 9ms=8 10ms=4 11ms=38 12ms=68 13ms=30 14ms=28 15ms=48 16ms=66 17ms=34 18ms=22 19ms=2 20ms=0 21ms=0 22ms=0 23ms=0 24ms=0 25ms=0 4950ms=0

Pipeline=Skia (OpenGL)
Memory policy:
  Max surface area: 2592000
  Max resource usage: 248.83MB (x48)
  Background retention: 50% (altUiHidden = true)
  GPU Context timeout: 10
Contexts: 1 (stopped = 0)
CPU Caches:
  Glyph Cache: 56.91 KB (1 entry)
  Glyph Count: 21 
Total CPU memory usage:
  58275 bytes, 56.91 KB (0.00 bytes is purgeable)
GPU Caches:
  Other:
    Other: 5.45 KB (1 entry)
  Image:
    Texture: 64.00 bytes (1 entry)
  Scratch:
    Texture: 2.00 MB (1 entry)
    Buffer Object: 48.00 KB (1 entry)
Total GPU memory usage:
  2151952 bytes, 2.05 MB (64.00 bytes is purgeable)
Detail dimensions: 
Buffer Object:				49152		{0x0}	1
Texture:				2097152		{2048x1024}	1
Texture:				64		{8x8}	1

GraphicBufferAllocator buffers:
            Handle |         Size |     W (Stride) x H | Layers |   Format |      Usage | Requestor
0xb4000078b34c94b0 | 10200.00 KiB | 1080 (1088) x 2400 |      1 |        1 | 0x10000900 | VRI[AudiobookSmokeActivity]#0(BLAST Consumer)0
0xb4000078b34ca1a0 | 10200.00 KiB | 1080 (1088) x 2400 |      1 |        1 | 0x10000900 | VRI[AudiobookSmokeActivity]#0(BLAST Consumer)0
0xb4000078b34ca860 | 10200.00 KiB | 1080 (1088) x 2400 |      1 |        1 | 0x10000900 | VRI[AudiobookSmokeActivity]#0(BLAST Consumer)0
0xb4000078b34cc900 | 10200.00 KiB | 1080 (1088) x 2400 |      1 |        1 | 0x10000900 | VRI[AudiobookSmokeActivity]#0(BLAST Consumer)0
Total allocated by GraphicBufferAllocator (estimate): 40800.00 KB
Imported gralloc buffers:
+ name:VRI[AudiobookSmokeActivity]#0(BLAST Consumer)0, id:7200, size:10276.00KiB, w/h:1080x2400, usage: 0x10000900, req fmt:1, fourcc/mod:875708993/0, dataspace: 0x8810000, compressed: true
	planes: R/G/B/A:	 w/h:1080x2400, stride:4352 bytes, size:10522624
+ name:VRI[AudiobookSmokeActivity]#0(BLAST Consumer)0, id:7199, size:10276.00KiB, w/h:1080x2400, usage: 0x10000900, req fmt:1, fourcc/mod:875708993/0, dataspace: 0x8810000, compressed: true
	planes: R/G/B/A:	 w/h:1080x2400, stride:4352 bytes, size:10522624
+ name:VRI[AudiobookSmokeActivity]#0(BLAST Consumer)0, id:7201, size:10276.00KiB, w/h:1080x2400, usage: 0x10000900, req fmt:1, fourcc/mod:875708993/0, dataspace: 0x8810000, compressed: true
	planes: R/G/B/A:	 w/h:1080x2400, stride:4352 bytes, size:10522624
+ name:VRI[AudiobookSmokeActivity]#0(BLAST Consumer)0, id:7198, size:10276.00KiB, w/h:1080x2400, usage: 0x10000900, req fmt:1, fourcc/mod:875708993/0, dataspace: 0x8810000, compressed: true
	planes: R/G/B/A:	 w/h:1080x2400, stride:4352 bytes, size:10522624
Total imported by gralloc: 41104.00KiB

Profile data in ms:

	com.phnem.vetro.ab07smoke/com.example.myapplication.audiobooks.ui.AudiobookSmokeActivity/android.view.ViewRootImpl@703bca5 (visibility=0)
Window: com.phnem.vetro.ab07smoke/com.example.myapplication.audiobooks.ui.AudiobookSmokeActivity
Stats since: 731602513894247ns
Total frames rendered: 1098
Janky frames: 263 (23.95%)
Janky frames (legacy): 772 (70.31%)
50th percentile: 13ms
90th percentile: 38ms
95th percentile: 40ms
99th percentile: 44ms
Number Missed Vsync: 0
Number High input latency: 1610
Number Slow UI thread: 263
Number Slow bitmap uploads: 0
Number Slow issue draw commands: 176
Number Frame deadline missed: 263
Number Frame deadline missed (legacy): 275
HISTOGRAM: 5ms=168 6ms=60 7ms=78 8ms=46 9ms=54 10ms=26 11ms=60 12ms=38 13ms=36 14ms=26 15ms=4 16ms=12 17ms=10 18ms=10 19ms=8 20ms=12 21ms=16 22ms=22 23ms=38 24ms=36 25ms=38 26ms=30 27ms=12 28ms=12 29ms=10 30ms=12 31ms=10 32ms=18 34ms=30 36ms=40 38ms=36 40ms=48 42ms=28 44ms=12 46ms=2 48ms=0 53ms=0 57ms=0 61ms=0 65ms=0 69ms=0 73ms=0 77ms=0 81ms=0 85ms=0 89ms=0 93ms=0 97ms=0 101ms=0 105ms=0 109ms=0 113ms=0 117ms=0 121ms=0 125ms=0 129ms=0 133ms=0 150ms=0 200ms=0 250ms=0 300ms=0 350ms=0 400ms=0 450ms=0 500ms=0 550ms=0 600ms=0 650ms=0 700ms=0 750ms=0 800ms=0 850ms=0 900ms=0 950ms=0 1000ms=0 1050ms=0 1100ms=0 1150ms=0 1200ms=0 1250ms=0 1300ms=0 1350ms=0 1400ms=0 1450ms=0 1500ms=0 1550ms=0 1600ms=0 1650ms=0 1700ms=0 1750ms=0 1800ms=0 1850ms=0 1900ms=0 1950ms=0 2000ms=0 2050ms=0 2100ms=0 2150ms=0 2200ms=0 2250ms=0 2300ms=0 2350ms=0 2400ms=0 2450ms=0 2500ms=0 2550ms=0 2600ms=0 2650ms=0 2700ms=0 2750ms=0 2800ms=0 2850ms=0 2900ms=0 2950ms=0 3000ms=0 3050ms=0 3100ms=0 3150ms=0 3200ms=0 3250ms=0 3300ms=0 3350ms=0 3400ms=0 3450ms=0 3500ms=0 3550ms=0 3600ms=0 3650ms=0 3700ms=0 3750ms=0 3800ms=0 3850ms=0 3900ms=0 3950ms=0 4000ms=0 4050ms=0 4100ms=0 4150ms=0 4200ms=0 4250ms=0 4300ms=0 4350ms=0 4400ms=0 4450ms=0 4500ms=0 4550ms=0 4600ms=0 4650ms=0 4700ms=0 4750ms=0 4800ms=0 4850ms=0 4900ms=0 4950ms=0
50th gpu percentile: 2ms
90th gpu percentile: 16ms
95th gpu percentile: 17ms
99th gpu percentile: 18ms
GPU HISTOGRAM: 1ms=58 2ms=570 3ms=118 4ms=4 5ms=0 6ms=0 7ms=0 8ms=0 9ms=8 10ms=4 11ms=38 12ms=68 13ms=30 14ms=28 15ms=48 16ms=66 17ms=34 18ms=22 19ms=2 20ms=0 21ms=0 22ms=0 23ms=0 24ms=0 25ms=0 4950ms=0


RenderLite trim renderNode error: 0

---PROFILEDATA---
Flags,FrameTimelineVsyncId,IntendedVsync,Vsync,InputEventId,HandleInputStart,AnimationStart,PerformTraversalsStart,DrawStart,FrameDeadline,FrameStartTime,FrameInterval,WorkloadTarget,SyncQueued,SyncStart,IssueDrawCommandsStart,SwapBuffers,FrameCompleted,DequeueBufferDuration,QueueBufferDuration,GpuCompleted,SwapBuffersCompleted,DisplayPresentTime,CommandSubmissionCompleted,
32,2799205,731656841087129,731656841087129,0,731656846451934,731656846464747,731656857786257,731656858015059,731656904411505,731656846149955,8276285,13666666,731656865092924,731656865281778,731656865554018,731656868843601,731656885051361,47084,1179375,731656884714486,731656885051361,0,731656868843601,
0,2799212,731656857639699,731656865915984,0,731656866222924,731656866224434,731656866230736,731656866295111,731656920964075,731656866160736,8276285,13666666,731656866505424,731656885124695,731656885373236,731656887126674,731656889571570,18438,1461980,731656888808288,731656889571570,0,731656887126674,
32,2799221,731657097691206,731657097691206,0,731657100303236,731657100309434,731657108612090,731657108800059,731657152742352,731657100098757,8276896,13666666,731657114617976,731657114766986,731657115143965,731657117622715,731657133533809,44323,1308385,731657133533809,731657133436830,0,731657117622715,
0,2799228,731657114244998,731657114244998,0,731657115568132,731657115569538,731657115574486,731657115623705,731657169296144,731657115530892,8276896,13666666,731657115757507,731657133518288,731657133794695,731657135825840,731657137650059,21094,1009948,731657137162403,731657137650059,0,731657135825840,
32,2799238,731657354280527,731657354280527,0,731657355803705,731657355809799,731657362539174,731657362705007,731657392779135,731657355624747,8277314,13666666,731657366921413,731657367069955,731657367338028,731657369862767,731657372840944,48542,1357188,731657372316153,731657372840944,0,731657369862767,
0,2799245,731657362557841,731657362557841,0,731657367843288,731657367844590,731657367848601,731657367896413,731657409333763,731657367807038,8277314,13666666,731657368096934,731657372917611,731657373120059,731657374750267,731657376375632,19167,886666,731657376375632,731657376303392,0,731657374750267,
32,2799254,731657610853770,731657610853770,0,731657612610111,731657612620424,731657626387455,731657626603392,731657657627492,731657612350371,8276764,13666666,731657633688132,731657633812976,731657633995476,731657636221621,731657638095163,40573,474427,731657638095163,731657637671830,0,731657636221621,
0,2799261,731657627407298,731657627407298,0,731657635021049,731657635024486,731657635035736,731657635144174,731657674181020,731657634917142,8276764,13666666,731657635505736,731657637699486,731657638183601,731657639684382,731657641701257,19844,1075677,731657640931569,731657641701257,0,731657639684382,
32,2799270,731657859149450,731657859149450,0,731657863882767,731657863894069,731657874882715,731657875107090,731657922476226,731657863234173,8276685,13666666,731657881880840,731657882095423,731657882316882,731657884618392,731657900923705,38542,989531,731657900923705,731657900408809,0,731657884618392,
0,2799277,731657875702820,731657875702820,0,731657882714278,731657882714851,731657882718601,731657882756778,731657939029596,731657882684121,8276685,13666666,731657882891205,731657900512246,731657900748184,731657902574590,731657904537559,23073,1135313,731657903909642,731657904537559,0,731657902574590,
32,2799287,731658124039710,731658124039710,0,731658125473028,731658125476934,731658131947350,731658132179225,731658154261030,731658125331048,8277327,13666666,731658135117663,731658135233600,731658135480996,731658137595319,731658139666048,42135,862968,731658139418496,731658139666048,0,731658137595319,
0,2799294,731658132317037,731658132317037,0,731658135956309,731658135957455,731658135962038,731658136052142,731658170815684,731658135920475,8277327,13666666,731658136176100,731658139711153,731658139829225,731658141050059,731658142372663,13802,538073,731658142158705,731658142372663,0,731658141050059,
32,2799303,731658372359096,731658372359096,0,731658373633236,731658373636413,731658380738080,731658380833132,731658419135046,731658373490840,8277321,13666666,731658385448184,731658385658809,731658385956465,731658388790059,731658403380163,47083,789635,731658403204538,731658403380163,0,731658388790059,
0,2799310,731658380636417,731658380636417,0,731658386797194,731658386798965,731658386806673,731658386889382,731658435689688,731658386727194,8277321,13666666,731658387126100,731658403423965,731658403568496,731658404833913,731658406070267,12968,485000,731658405941100,731658406070267,0,731658404833913,
32,2799319,731658620630801,731658620630801,0,731658621876934,731658621880527,731658628512663,731658628641309,731658667404667,731658621726204,8276800,13666666,731658631703965,731658631850996,731658632489434,731658635161048,731658652457350,49948,832187,731658652457350,731658651951986,0,731658635161048,
0,2799326,731658628907601,731658628907601,0,731658632947819,731658632948496,731658632951725,731658632988913,731658683958267,731658632917194,8276800,13666666,731658633113288,731658652060788,731658652280892,731658653881152,731658655528496,18125,686927,731658655218652,731658655528496,0,731658653881152,
32,2799346,731658877203186,731658877203186,0,731658879148079,731658879158392,731658889691413,731658889899642,731658923976476,731658878851829,8276656,13666666,731658897055631,731658897243652,731658897500371,731658899734121,731658902412871,39271,789896,731658902412871,731658902362350,0,731658899734121,
0,2799353,731658893756498,731658893756498,0,731658898174381,731658898175892,731658898182142,731658898248652,731658940529788,731658898118131,8276656,13666666,731658898442506,731658902420736,731658902601413,731658904193496,731658905421881,15938,623021,731658905421881,731658905398392,0,731658904193496,
32,2799362,731659133787778,731659133787778,0,731659136704017,731659136713965,731659148504277,731659148718027,731659180561344,731659136394746,8276725,13666666,731659153898913,731659154089485,731659154725735,731659157403704,731659159980527,46355,915833,731659159800423,731659159980527,0,731659157403704,
0,2799369,731659150341228,731659150341228,0,731659155579329,731659155580788,731659155585371,731659155636100,731659197114794,731659155538288,8276725,13666666,731659155784069,731659160172246,731659160389225,731659161866725,731659163324642,16927,656771,731659163049173,731659163324642,0,731659161866725,
32,2799379,731659390397984,731659390397984,0,731659391670735,731659391673600,731659398236985,731659398389225,731659428896505,731659391528965,8277285,13666666,731659403899277,731659404105840,731659404453027,731659407093548,731659410087246,52552,931146,731659410087246,731659410046569,0,731659407093548,
0,2799386,731659398675269,731659398675269,0,731659405062767,731659405063652,731659405067662,731659405109590,731659445451075,731659405030944,8277285,13666666,731659405241256,731659410115787,731659410299277,731659411808131,731659413163600,18958,613542,731659413036621,731659413163600,0,731659411808131,
32,2799396,731659646980588,731659646980588,0,731659648742506,731659648753444,731659662603079,731659662820527,731659693755442,731659648476933,8277047,13666666,731659669930006,731659670152402,731659670396100,731659674160631,731659677217142,47552,1202552,731659676704537,731659677217142,0,731659674160631,
0,2799403,731659663534682,731659671811729,0,731659671974329,731659671975735,731659671983600,731659672169277,731659710309536,731659671909850,8277047,13666666,731659672417402,731659677255787,731659677387819,731659678469746,731659679776464,13333,513021,731659679697298,731659679776464,0,731659678469746,
32,2799422,731659895283823,731659895283823,0,731659897144381,731659897154433,731659906407037,731659906608860,731659933780757,731659896920475,8276756,13666666,731659913181621,731659913420579,731659913688548,731659916189381,731659919006777,39270,723437,731659918290266,731659919006777,0,731659916189381,
0,2799429,731659911837335,731659911837335,0,731659914432350,731659914433652,731659914440891,731659914512662,731659950334269,731659914373912,8276756,13666666,731659914780266,731659919070214,731659919262089,731659921286829,731659923130735,16927,713281,731659922956829,731659923130735,0,731659921286829,
32,2799440,731660151870482,731660151870482,0,731660153419068,731660153428027,731660166134798,731660166359016,731660198644840,731660153183287,8276923,13666666,731660173577402,731660173773548,731660174011152,731660177080006,731660179432402,49062,813229,731660179173600,731660179432402,0,731660177080006,
0,2799447,731660168424328,731660168424328,0,731660175574693,731660175576152,731660175583183,731660175653235,731660215198686,731660175517558,8276923,13666666,731660175924068,731660179485058,731660179657402,731660181278287,731660182517766,14896,541771,731660182517766,731660182419381,0,731660181278287,
32,2799458,731660400167387,731660400167387,0,731660401700943,731660401708808,731660409705943,731660409919745,731660438664249,731660401480943,8276732,13666666,731660415158756,731660415327141,731660415550475,731660417842610,731660420394381,44323,890365,731660419753860,731660420394381,0,731660417842610,
0,2799465,731660416720851,731660416720851,0,731660417304902,731660417305891,731660417310162,731660417353912,731660455217713,731660417264954,8276732,13666666,731660417496933,731660420484641,731660420765162,731660422122870,731660423348547,17084,421303,731660423261256,731660423348547,0,731660422122870,
32,2799474,731660656736373,731660656736373,0,731660657909016,731660657911412,731660664929954,731660665164172,731660711786454,731660657757610,8276683,13666666,731660670583704,731660670884329,731660671213912,731660675482662,731660692416360,54635,936146,731660692416360,731660691974954,0,731660675482662,
0,2799481,731660665013056,731660665013056,0,731660671711047,731660671712037,731660671715318,731660671762558,731660728339820,731660671676777,8276683,13666666,731660671897818,731660692204016,731660692693547,731660694519589,731660696610318,19688,1419011,731660695859381,731660696610318,0,731660694519589,
32,2799499,731660913265331,731660913265331,0,731660915260266,731660915271672,731660929658495,731660929891151,731660976587139,731660914934329,8275857,13666666,731660937046151,731660937260058,731660937487245,731660939523287,731660954983756,32083,794844,731660954983756,731660954479068,0,731660939523287,
0,2799506,731660929817045,731660938092902,0,731660938210631,731660938213079,731660938221204,731660938298651,731660993138853,731660938144745,8275857,13666666,731660938532193,731660954554693,731660954772506,731660956664693,731660958302089,18489,978177,731660957965943,731660958302089,0,731660956664693,
32,2799516,731661169882490,731661169882490,0,731661171155995,731661171165943,731661182936203,731661183169953,731661224933871,731661170932297,8276943,13666666,731661190170266,731661190326724,731661190545526,731661192487245,731661206714328,36302,885312,731661206714328,731661206259745,0,731661192487245,
0,2799523,731661186436376,731661186436376,0,731661192329068,731661192330995,731661192337349,731661192398756,731661241487757,731661192279485,8276943,13666666,731661192551568,731661206314745,731661206514745,731661208521256,731661210126099,21406,924375,731661209882349,731661210126099,0,731661208521256,
32,2799534,731661418200769,731661418200769,0,731661419491255,731661419500266,731661429632141,731661429862453,731661456698744,731661419298808,8277103,13666666,731661434713755,731661434967870,731661435227610,731661437617297,731661439625839,45833,602552,731661439427610,731661439625839,0,731661437617297,
0,2799541,731661434754975,731661434754975,0,731661435762245,731661435763183,731661435767349,731661435823755,731661473252950,731661435720005,8277103,13666666,731661435968391,731661439673964,731661439806308,731661441068599,731661442647297,14271,1088021,731661442334693,731661442647297,0,731661441068599,
32,2799551,731661666546195,731661666546195,0,731661667759641,731661667769276,731661675926203,731661676184068,731661705045034,731661667544068,8277391,13666666,731661681391568,731661681566099,731661681797870,731661683930057,731661686388391,39010,824115,731661686163130,731661686388391,0,731661683930057,
0,2799558,731661683100977,731661683100977,0,731661683758807,731661683759849,731661683765162,731661683821568,731661721599816,731661683707557,8277391,13666666,731661683981620,731661686436568,731661686595214,731661687936724,731661689342245,13854,799792,731661689129901,731661689342245,0,731661687936724,
32,2799576,731661923141363,731661923141363,0,731661924524172,731661924526724,731661930179693,731661930311151,731661953362825,731661924333651,8277398,13666666,731661934407714,731661934505266,731661934623547,731661935498339,731661937384901,19271,346614,731661937384901,731661936832453,0,731661935498339,
0,2799583,731661931418761,731661931418761,0,731661935097766,731661935098599,731661935102089,731661935146516,731661969917621,731661935067557,8277398,13666666,731661935276203,731661936859797,731661936917297,731661937389849,731661938340161,7761,242500,731661938340161,731661937889484,0,731661937389849,
32,2799592,731662179727275,731662179727275,0,731662180955109,731662180958807,731662186344328,731662186532818,731662218225874,731662180830734,8277311,13666666,731662190995057,731662191100943,731662191207818,731662192301828,731662204222661,26250,385468,731662204222661,731662203624693,0,731662192301828,
0,2799599,731662188004586,731662188004586,0,731662191894484,731662191896255,731662191902088,731662191968078,731662234780496,731662191840734,8277311,13666666,731662192292609,731662203650213,731662203725786,731662204381047,731662205787245,8594,369166,731662205787245,731662205122609,0,731662204381047,
32,2799608,731662427951001,731662427951001,0,731662429287818,731662429291359,731662434528390,731662434628703,731662466445667,731662429156620,8276000,13666666,731662437939745,731662438013547,731662438108755,731662439013495,731662451297505,22031,433645,731662451297505,731662450650734,0,731662439013495,
0,2799615,731662436227001,731662436227001,0,731662438568495,731662438569328,731662438572661,731662438611724,731662482997667,731662438535943,8276000,13666666,731662438728443,731662450687609,731662450777922,731662451400682,731662452421932,9479,280833,731662452421932,731662452091307,0,731662451400682,
32,2799624,731662684520921,731662684520921,0,731662685997922,731662686000682,731662691363651,731662691482453,731662731292163,731662685873338,8276144,13666666,731662695770942,731662695955526,731662696266620,731662697696620,731662710949172,33021,424687,731662710949172,731662710213911,0,731662697696620,
0,2799631,731662692797065,731662692797065,0,731662697007713,731662697009328,731662697015578,731662697095317,731662747844451,731662696951099,8276144,13666666,731662697289172,731662710242922,731662710344224,731662710986776,731662712028859,10364,305469,731662712028859,731662711630317,0,731662710986776,
32,2799640,731662941080348,731662941080348,0,731662942342557,731662942348182,731662948422505,731662948602869,731662987853526,731662942175734,8276628,13666666,731662953475422,731662953560630,731662953676255,731662954682140,731662965956307,23542,427604,731662965956307,731662965682453,0,731662954682140,
0,2799647,731662949356976,731662949356976,0,731662954370005,731662954371880,731662954378755,731662954439901,731663004406782,731662954317453,8276628,13666666,731662954650578,731662965716307,731662965822140,731662966393130,731662967396672,9219,274584,731662967396672,731662966972557,0,731662966393130,
32,2799656,731663189404716,731663189404716,0,731663193185994,731663193197088,731663203761307,731663203968390,731663244456392,731663192941776,8277002,13666666,731663210506671,731663210726619,731663210903026,731663212640682,731663227570161,29375,676406,731663227570161,731663227552244,0,731663212640682,
0,2799663,731663205958720,731663205958720,0,731663211836307,731663211839380,731663211849588,731663211943911,731663261010396,731663211749692,8277002,13666666,731663212290838,731663227607401,731663227809223,731663228798130,731663230203546,12917,431406,731663230203546,731663229731151,0,731663228798130,
32,2799672,731663445972953,731663445972953,0,731663447597348,731663447607348,731663460476046,731663460710525,731663501023474,731663447343963,8276771,13666666,731663468758650,731663468916098,731663469193546,731663471757088,731663486021932,48698,1105104,731663485407713,731663486021932,0,731663471757088,
0,2799679,731663462526495,731663462526495,0,731663470681880,731663470683338,731663470689119,731663470752192,731663517577016,731663470625734,8276771,13666666,731663470950473,731663486100213,731663486332296,731663488174536,731663489540005,20677,648229,731663489540005,731663489529692,0,731663488174536,
32,2799689,731663694254005,731663694254005,0,731663699699796,731663699709900,731663709916202,731663710105630,731663741026107,731663699413182,8276359,13666666,731663717431359,731663717606307,731663717875213,731663720460994,731663722702765,46718,773229,731663722527817,731663722702765,0,731663720460994,
0,2799696,731663710806723,731663710806723,0,731663718428286,731663718429119,731663718433234,731663718482036,731663757578825,731663718369640,8276359,13666666,731663718629380,731663722757661,731663722921411,731663724499692,731663725678650,14011,467500,731663725640005,731663725678650,0,731663724499692,
32,2799705,731663950812277,731663950812277,0,731663953177817,731663953189432,731663963880421,731663964305317,731664005860183,731663952777348,8276248,13666666,731663970374067,731663970540421,731663970825265,731663973444640,731663991216567,44583,936771,731663990877244,731663991216567,0,731663973444640,
0,2799712,731663967364773,731663967364773,0,731663971486411,731663971487973,731663971494171,731663971557817,731664022412679,731663971429223,8276248,13666666,731663971735994,731663991290317,731663991565161,731663993477296,731663995429015,18021,1260573,731663994931150,731663995429015,0,731663993477296,
32,2799723,731664207395744,731664207395744,0,731664209112921,731664209118650,731664218031931,731664218256098,731664262446265,731664208947036,8276771,13666666,731664226552869,731664226762348,731664226963963,731664229114275,731664242435473,37864,787448,731664242182452,731664242435473,0,731664229114275,
0,2799730,731664223949286,731664223949286,0,731664228208390,731664228211619,731664228223234,731664228334223,731664278999807,731664227981150,8276771,13666666,731664228642765,731664242482244,731664242635161,731664243826411,731664245150786,15520,548646,731664245150786,731664244972244,0,731664243826411,
32,2799739,731664455703933,731664455703933,0,731664461903025,731664461913598,731664475526619,731664475736098,731664519031813,731664461619119,8276869,13666666,731664482143077,731664482302817,731664482485525,731664484296098,731664497359640,35886,778229,731664497102192,731664497359640,0,731664484296098,
0,2799746,731664480534540,731664480534540,0,731664483349483,731664483351827,731664483361619,731664483444744,731664535585551,731664483277088,8276869,13666666,731664483701150,731664497424327,731664497757713,731664499374483,731664500945942,19427,848542,731664500854744,731664500945942,0,731664499374483,
32,2799757,731664712258985,731664712258985,0,731664717474171,731664717483129,731664728664431,731664728864223,731664775581135,731664717214692,8275914,13666666,731664735469015,731664735635213,731664735955629,731664738604796,731664755173650,51980,1045989,731664754878806,731664755173650,0,731664738604796,
0,2799764,731664728810813,731664737086727,0,731664737698754,731664737700942,731664737710004,731664737791931,731664792132963,731664737627608,8275914,13666666,731664738034952,731664755248181,731664755456515,731664757414067,731664759379535,22239,868177,731664759379535,731664758978181,0,731664757414067,
32,2799774,731664977115005,731664977115005,0,731664978218494,731664978228233,731664986635160,731664986848181,731665032163076,731664978013442,8276281,13666666,731664993566150,731664993742973,731664994029431,731664996714275,731665013193598,45989,1165416,731665012702712,731665013193598,0,731664996714275,
0,2799781,731664993667567,731664993667567,0,731664994837139,731664994839483,731664994848494,731664994929587,731665048715638,731664994773389,8276281,13666666,731664995158285,731665013265421,731665013492452,731665015251462,731665016876931,16979,962083,731665016522139,731665016876931,0,731665015251462,
32,2799790,731665233688927,731665233688927,0,731665235657035,731665235668129,731665245623754,731665245784691,731665288738163,731665235334379,8276514,13666666,731665250464327,731665250661723,731665251002921,731665253634483,731665269760629,43542,1012812,731665269220577,731665269760629,0,731665253634483,
0,2799797,731665250241955,731665250241955,0,731665251663494,731665251664691,731665251670681,731665251748650,731665305291191,731665251614744,8276514,13666666,731665251946983,731665269819796,731665270022400,731665271927869,731665275514327,18489,2794479,731665274561046,731665275514327,0,731665271927869,
32,2799807,731665490275157,731665490275157,0,731665492522868,731665492535785,731665505454066,731665505675837,731665545325253,731665491938285,8276686,13666666,731665512962035,731665513176723,731665513437400,731665516158493,731665531273337,46875,861511,731665530900056,731665531273337,0,731665516158493,
0,2799814,731665506828529,731665506828529,0,731665514256931,731665514259223,731665514268181,731665514350941,731665561878625,731665514186410,8276686,13666666,731665514578702,731665531345316,731665531589171,731665533554587,731665534931723,18073,597708,731665534927035,731665534931723,0,731665533554587,
32,2799823,731665738582747,731665738582747,0,731665742256670,731665742271098,731665753854483,731665754081202,731665793636838,731665741866202,8277485,13666666,731665759491202,731665759597191,731665759773285,731665761689587,731665775937348,31771,1082709,731665775598650,731665775937348,0,731665761689587,
0,2799830,731665755137717,731665755137717,0,731665760469535,731665760470889,731665760476775,731665760534014,731665810191808,731665760418337,8277485,13666666,731665760723285,731665776102452,731665776372764,731665778239275,731665780443650,21875,1453541,731665779861827,731665780443650,0,731665778239275,
32,2799841,731665995183765,731665995183765,0,731665996262035,731665996265525,731666001168077,731666001330889,731666008850431,731665996139483,8277466,13666666,731666005893337,731666006071566,731666006171618,731666007034379,731666008733337,21198,394011,731666008733337,731666008300525,0,731666007034379,
0,2799848,731666003461231,731666003461231,0,731666006752556,731666006753910,731666006759483,731666006816254,731666017127897,731666006712452,8277466,13666666,731666006964639,731666008328493,731666008386045,731666008749587,731666009690681,5573,216094,731666009690681,731666009185004,0,731666008749587,
32,2799857,731666251763504,731666251763504,0,731666252782608,731666252786983,731666258370889,731666258554743,731666290261620,731666252641045,8277150,13666666,731666262848233,731666262974170,731666263085108,731666264279795,731666275203077,27239,296823,731666275203077,731666274594014,0,731666264279795,
0,2799864,731666260040654,731666260040654,0,731666263768493,731666263770420,731666263775004,731666263843285,731666306815920,731666263718441,8277150,13666666,731666264101827,731666274612243,731666274665212,731666275088597,731666275960889,5730,189792,731666275960889,731666275494066,0,731666275088597,
32,2799874,731666508270134,731666508270134,0,731666510737608,731666510750368,731666522411097,731666522625837,731666563314800,731666510319847,8275600,13666666,731666529107451,731666529346045,731666529617451,731666532263962,731666547950837,45781,825313,731666547728233,731666547950837,0,731666532263962,
0,2799881,731666524821334,731666524821334,0,731666530338389,731666530340941,731666530348753,731666530424587,731666579866000,731666530278389,8275600,13666666,731666530626722,731666548237608,731666548476878,731666550089535,731666551434222,22135,623073,731666551384899,731666551434222,0,731666550089535,
32,2799890,731666756567965,731666756567965,0,731666760397503,731666760408597,731666770641774,731666770846826,731666811615101,731666759851983,8276094,13666666,731666777026878,731666777182712,731666777439274,731666780457816,731666796099326,45938,1020261,731666795534899,731666796099326,0,731666780457816,
0,2799897,731666773120153,731666773120153,0,731666778093701,731666778095160,731666778101566,731666778164639,731666828167289,731666778032764,8276094,13666666,731666778351305,731666796167608,731666796408701,731666798180576,731666800270055,21510,1218490,731666799687503,731666800270055,0,731666798180576,
32,2799907,731667013114238,731667013114238,0,731667014693389,731667014703649,731667026643441,731667026841670,731667068158614,731667014449587,8275542,13666666,731667034040160,731667034202087,731667034456982,731667037140003,731667052622972,45781,1007708,731667052622972,731667052583232,0,731667037140003,
0,2799914,731667029665322,731667029665322,0,731667035139326,731667035141305,731667035148285,731667035216410,731667084709698,731667035084170,8275542,13666666,731667035411357,731667052659951,731667052875576,731667054590212,731667056330160,21198,585938,731667055937347,731667056330160,0,731667054590212,
32,2799923,731667269706367,731667269706367,0,731667271820732,731667271831045,731667285577712,731667285799639,731667324754918,731667271533284,8276377,13666666,731667293174326,731667293360159,731667293587295,731667296291930,731667311208805,46614,854635,731667310960628,731667311208805,0,731667296291930,
0,2799930,731667286259121,731667294535498,0,731667295069430,731667295070576,731667295076774,731667295138180,731667341307672,731667295015107,8276377,13666666,731667295350003,731667311271409,731667311457503,731667313334118,731667315302659,17031,1010156,731667315043493,731667315302659,0,731667313334118,
32,2799939,731667526299141,731667526299141,0,731667527807295,731667527816045,731667538599899,731667538853545,731667581350092,731667527572920,8276857,13666666,731667547080524,731667547235784,731667547473805,731667549634170,731667562283597,37032,438750,731667562283597,731667561904274,0,731667549634170,
0,2799946,731667542852855,731667551129712,0,731667554302868,731667554305107,731667554314534,731667554407295,731667597903806,731667554222920,8276857,13666666,731667554665524,731667561939222,731667562083180,731667562827972,731667563855055,10885,286146,731667563855055,731667563448909,0,731667562827972,
32,2799955,731667782885984,731667782885984,0,731667785204430,731667785214899,731667793955368,731667794163284,731667837936785,731667784971357,8276827,13666666,731667800682607,731667800913232,731667801230941,731667803904691,731667819545368,47292,923385,731667819146618,731667819545368,0,731667803904691,
0,2799962,731667799439638,731667799439638,0,731667801958076,731667801960420,731667801968857,731667802044951,731667854490439,731667801894847,8276827,13666666,731667802246201,731667819624586,731667819899899,731667821873128,731667823875628,19584,1252500,731667823756930,731667823875628,0,731667821873128,
32,2799982,731668039444958,731668039444958,0,731668041466357,731668041475732,731668055707138,731668055953024,731668094493084,731668041181253,8276292,13666666,731668063388388,731668063544065,731668063720524,731668065888024,731668080589899,35469,953698,731668080403701,731668080589899,0,731668065888024,
0,2799989,731668055997542,731668064273834,0,731668064950055,731668064952972,731668064963232,731668065078857,731668111045668,731668064850524,8276292,13666666,731668065374482,731668080645628,731668080852138,731668082026045,731668083259638,15364,434166,731668083169795,731668083259638,0,731668082026045,
32,2799999,731668287746563,731668287746563,0,731668289932399,731668289942451,731668299898753,731668300304742,731668342795664,731668289690732,8276487,13666666,731668306185680,731668306332711,731668306621513,731668309451513,731668324874222,43230,1044583,731668324874222,731668324773388,0,731668309451513,
0,2800006,731668304299537,731668304299537,0,731668307436305,731668307438701,731668307447815,731668307530419,731668359348638,731668307362711,8276487,13666666,731668307757138,731668324834430,731668325155055,731668327004638,731668329153180,21041,1051719,731668328404638,731668329153180,0,731668327004638,
32,2800017,731668535992995,731668535992995,0,731668537496565,731668537502659,731668543968753,731668544195524,731668574484916,731668537335576,8275085,13666666,731668548963857,731668549080732,731668549305836,731668551508909,731668554168284,35156,1065157,731668553661044,731668554168284,0,731668551508909,
0,2800024,731668544268080,731668544268080,0,731668549702867,731668549704169,731668549708076,731668549743805,731668591035086,731668549670055,8275085,13666666,731668549847190,731668554218596,731668554377138,731668555751617,731668557375315,15625,799531,731668557090628,731668557375315,0,731668555751617,
32,2800033,731668792596731,731668792596731,0,731668794521461,731668794533857,731668803695263,731668803888596,731668847645827,731668794023492,8276486,13666666,731668810439273,731668810594534,731668810866409,731668813161773,731668827091096,44896,795469,731668826928701,731668827091096,0,731668813161773,
0,2800040,731668809149703,731668809149703,0,731668811528701,731668811530003,731668811535628,731668811584534,731668864198799,731668811493023,8276486,13666666,731668811710992,731668827148336,731668827357190,731668829264846,731668831289221,19271,591875,731668831289221,731668830497190,0,731668829264846,
32,2800058,731669049165798,731669049165798,0,731669051558753,731669051572346,731669062225471,731669062453232,731669104213749,731669051195888,8276257,13666666,731669069769846,731669069994898,731669070225367,731669072496669,731669086951461,39115,944375,731669086602086,731669086951461,0,731669072496669,
0,2800065,731669065718312,731669065718312,0,731669071829378,731669071830471,731669071836305,731669071901409,731669120766263,731669071766930,8276257,13666666,731669072160523,731669087018492,731669087274117,731669091330888,731669093084065,19323,1001927,731669092690263,731669093084065,0,731669091330888,
32,2800074,731669305737001,731669305737001,0,731669307976617,731669307987346,731669320717502,731669320949430,731669360785282,731669307627867,8276323,13666666,731669329323700,731669329503961,731669329757086,731669332232190,731669346702554,34948,743489,731669346334742,731669346702554,0,731669332232190,
0,2800081,731669322289647,731669322289647,0,731669330431096,731669330432398,731669330438336,731669330504534,731669377337928,731669330377242,8276323,13666666,731669330715315,731669346773961,731669346995471,731669348837294,731669350684534,22656,850156,731669350359117,731669350684534,0,731669348837294,
32,2800090,731669553998667,731669553998667,0,731669557806304,731669557815836,731669567205367,731669567411304,731669609042333,731669557549950,8275400,13666666,731669573306617,731669573505575,731669573794117,731669576335575,731669590362450,41250,934271,731669590005002,731669590362450,0,731669576335575,
0,2800097,731669570549467,731669570549467,0,731669574408231,731669574409273,731669574414586,731669574471409,731669625593133,731669574360367,8275400,13666666,731669574652815,731669590427346,731669590665679,731669592504846,731669594850992,20573,1709375,731669593955471,731669594850992,0,731669592504846,
32,2800108,731669818856140,731669818856140,0,731669820603961,731669820614533,731669831939742,731669832448336,731669873903896,731669820368127,8276218,13666666,731669839055836,731669839236825,731669839426565,731669841386617,731669853259221,34584,866666,731669852989429,731669853259221,0,731669841386617,
0,2800115,731669835408576,731669835408576,0,731669840515523,731669840517971,731669840527346,731669840626877,731669890456332,731669840429013,8276218,13666666,731669840915106,731669853305679,731669853487033,731669854556929,731669855702658,13489,410937,731669855702658,731669855400158,0,731669854556929,
32,2800124,731670067126001,731670067126001,0,731670068686929,731670068695471,731670080701929,731670080932867,731670122172667,731670068443492,8276000,13666666,731670088429950,731670088843492,731670088964898,731670089977346,731670105199377,23646,1178073,731670104927919,731670105199377,0,731670089977346,
0,2800131,731670083678001,731670083678001,0,731670089597554,731670089598960,731670089605575,731670089670731,731670138724667,731670089546252,8276000,13666666,731670089877190,731670105275783,731670105539117,731670107372190,731670109275888,19219,1222031,731670108837085,731670109275888,0,731670107372190,
32,2800142,731670323668899,731670323668899,0,731670325546669,731670325555262,731670335196877,731670335735367,731670362162845,731670325327658,8275760,13666666,731670340091565,731670340238387,731670340464065,731670342288335,731670345995835,38489,472084,731670345995835,731670343246669,0,731670342288335,
0,2800149,731670340220419,731670340220419,0,731670341038700,731670341039429,731670341043179,731670341088179,731670378714365,731670341001408,8275760,13666666,731670341207502,731670343277137,731670343392762,731670344120471,731670346351981,8750,1761510,731670346240575,731670346351981,0,731670344120471,
32,2800158,731670571958763,731670571958763,0,731670573251825,731670573259429,731670581013439,731670581207762,731670627005044,731670573069950,8275923,13666666,731670586407242,731670586574637,731670586848700,731670589622346,731670606065002,47292,1081511,731670605475575,731670606065002,0,731670589622346,
0,2800165,731670580234686,731670580234686,0,731670587398492,731670587400054,731670587404637,731670587457398,731670643556890,731670587353075,8275923,13666666,731670587603179,731670606142189,731670606441877,731670608439585,731670610442554,20625,1154739,731670609942294,731670610442554,0,731670608439585,
32,2800174,731670828556724,731670828556724,0,731670831098648,731670831109637,731670842048127,731670842260887,731670875330474,731670830794741,8276771,13666666,731670848406148,731670848517554,731670848648023,731670849795366,731670860621512,27292,372396,731670860621512,731670860145939,0,731670849795366,
0,2800181,731670845110266,731670845110266,0,731670849446096,731670849447710,731670849454637,731670849523387,731670891884016,731670849385419,8276771,13666666,731670849720991,731670860174533,731670860314689,731670861132450,731670862367033,12187,359375,731670862367033,731670861899377,0,731670861132450,
32,2800191,731671076862586,731671076862586,0,731671082370991,731671082382241,731671092391929,731671093093387,731671123636536,731671082102189,8276821,13666666,731671098207085,731671098342606,731671098605679,731671101105470,731671103394533,46510,825364,731671103169273,731671103394533,0,731671101105470,
0,2800198,731671093416228,731671093416228,0,731671099033023,731671099033960,731671099037450,731671099080054,731671140190178,731671098989377,8276821,13666666,731671099184064,731671103457450,731671103611668,731671105086252,731671106706720,13646,694531,731671106373179,731671106706720,0,731671105086252,
32,2800207,731671333439931,731671333439931,0,731671334096095,731671334098543,731671338007918,731671338102866,731671371936907,731671334011460,8276770,13666666,731671341595887,731671341707762,731671341841877,731671342979585,731671354910470,26615,532083,731671354910470,731671354729950,0,731671342979585,
0,2800214,731671341716701,731671341716701,0,731671342478960,731671342480575,731671342486512,731671342542762,731671388490447,731671342430106,8276770,13666666,731671342728960,731671354770887,731671354890575,731671355706929,731671356933856,12187,418125,731671356933856,731671356710731,0,731671355706929,
32,2800223,731671589989495,731671589989495,0,731671591273856,731671591279637,731671597089116,731671597264481,731671636759245,731671591110991,8275771,13666666,731671602071720,731671602177449,731671602301199,731671603410783,731671615535054,24844,529896,731671615535054,731671615075106,0,731671603410783,
0,2800230,731671598265266,731671598265266,0,731671603094481,731671603096408,731671603103856,731671603177814,731671653310787,731671603033960,8275771,13666666,731671603391772,731671615118491,731671615253804,731671616106668,731671617358647,12396,294219,731671617358647,731671616798804,0,731671616106668,
32,2800239,731671838305501,731671838305501,0,731671839312449,731671839318335,731671844294481,731671844449897,731671876801538,731671839163804,8276457,13666666,731671848882970,731671848985991,731671849093283,731671850104637,731671861863595,22448,563594,731671861863595,731671861743126,0,731671850104637,
0,2800246,731671846581958,731671846581958,0,731671849739272,731671849740783,731671849747085,731671849808074,731671893354452,731671849691043,8276457,13666666,731671849979272,731671861786564,731671861930470,731671862646981,731671863873231,11614,315729,731671863873231,731671863345470,0,731671862646981,
---PROFILEDATA---


View hierarchy:

  com.phnem.vetro.ab07smoke/com.example.myapplication.audiobooks.ui.AudiobookSmokeActivity/android.view.ViewRootImpl@703bca5
  7 views, 13.03 kB of render nodes


  Dynamic VRI BBQ Log.  render_draw: false  hdr_dimmer: false  blur_blend: false  hwui_window_decor: false  sync_barrier: false

Total ViewRootImpl   : 1
Total attached Views : 7
Total RenderNode     : 13.03 kB (used) / 37.09 kB (capacity)

