Applications Graphics Acceleration Info:
Uptime: 731183954 Realtime: 1357602177

** Graphics info for pid 25643 [com.phnem.vetro.ab07smoke] **

Stats since: 731153681250928ns
Total frames rendered: 3720
Janky frames: 6 (0.16%)
Janky frames (legacy): 212 (5.70%)
50th percentile: 7ms
90th percentile: 9ms
95th percentile: 10ms
99th percentile: 36ms
Number Missed Vsync: 0
Number High input latency: 7284
Number Slow UI thread: 6
Number Slow bitmap uploads: 0
Number Slow issue draw commands: 2
Number Frame deadline missed: 6
Number Frame deadline missed (legacy): 0
HISTOGRAM: 5ms=848 6ms=940 7ms=988 8ms=538 9ms=174 10ms=58 11ms=42 12ms=28 13ms=16 14ms=4 15ms=2 16ms=0 17ms=0 18ms=2 19ms=0 20ms=12 21ms=8 22ms=4 23ms=2 24ms=0 25ms=2 26ms=6 27ms=2 28ms=0 29ms=2 30ms=4 31ms=0 32ms=0 34ms=0 36ms=8 38ms=4 40ms=0 42ms=2 44ms=14 46ms=4 48ms=2 53ms=2 57ms=2 61ms=0 65ms=0 69ms=0 73ms=0 77ms=0 81ms=0 85ms=0 89ms=0 93ms=0 97ms=0 101ms=0 105ms=0 109ms=0 113ms=0 117ms=0 121ms=0 125ms=0 129ms=0 133ms=0 150ms=0 200ms=0 250ms=0 300ms=0 350ms=0 400ms=0 450ms=0 500ms=0 550ms=0 600ms=0 650ms=0 700ms=0 750ms=0 800ms=0 850ms=0 900ms=0 950ms=0 1000ms=0 1050ms=0 1100ms=0 1150ms=0 1200ms=0 1250ms=0 1300ms=0 1350ms=0 1400ms=0 1450ms=0 1500ms=0 1550ms=0 1600ms=0 1650ms=0 1700ms=0 1750ms=0 1800ms=0 1850ms=0 1900ms=0 1950ms=0 2000ms=0 2050ms=0 2100ms=0 2150ms=0 2200ms=0 2250ms=0 2300ms=0 2350ms=0 2400ms=0 2450ms=0 2500ms=0 2550ms=0 2600ms=0 2650ms=0 2700ms=0 2750ms=0 2800ms=0 2850ms=0 2900ms=0 2950ms=0 3000ms=0 3050ms=0 3100ms=0 3150ms=0 3200ms=0 3250ms=0 3300ms=0 3350ms=0 3400ms=0 3450ms=0 3500ms=0 3550ms=0 3600ms=0 3650ms=0 3700ms=0 3750ms=0 3800ms=0 3850ms=0 3900ms=0 3950ms=0 4000ms=0 4050ms=0 4100ms=0 4150ms=0 4200ms=0 4250ms=0 4300ms=0 4350ms=0 4400ms=0 4450ms=0 4500ms=0 4550ms=0 4600ms=0 4650ms=0 4700ms=0 4750ms=0 4800ms=0 4850ms=0 4900ms=0 4950ms=0
50th gpu percentile: 2ms
90th gpu percentile: 3ms
95th gpu percentile: 3ms
99th gpu percentile: 5ms
GPU HISTOGRAM: 1ms=26 2ms=1866 3ms=1660 4ms=116 5ms=24 6ms=10 7ms=2 8ms=8 9ms=8 10ms=0 11ms=0 12ms=0 13ms=0 14ms=0 15ms=0 16ms=0 17ms=0 18ms=0 19ms=0 20ms=0 21ms=0 22ms=0 23ms=0 24ms=0 25ms=0 4950ms=0

Pipeline=Skia (OpenGL)
Memory policy:
  Max surface area: 2592000
  Max resource usage: 248.83MB (x48)
  Background retention: 50% (altUiHidden = true)
  GPU Context timeout: 10
Contexts: 1 (stopped = 0)
CPU Caches:
  Glyph Cache: 86.34 KB (1 entry)
  Glyph Count: 27 
Total CPU memory usage:
  88412 bytes, 86.34 KB (0.00 bytes is purgeable)
GPU Caches:
  Other:
    Other: 9.91 KB (1 entry)
    Buffer Object: 2.05 KB (2 entries)
  Image:
    Texture: 64.00 bytes (1 entry)
  Scratch:
    RenderTarget: 21.69 MB (4 entries)
    Texture: 2.00 MB (1 entry)
    Buffer Object: 48.00 KB (1 entry)
Total GPU memory usage:
  24899604 bytes, 23.75 MB (21.69 MB is purgeable)
Detail dimensions: 
Buffer Object:				49152		{0x0}	1
Texture:				2097152		{2048x1024}	1
RenderTarget:				10584064		{1088x2432}	2
RenderTarget:				786432		{1024x192}	2
Buffer Object:				180		{0x0}	1
Buffer Object:				1920		{0x0}	1
Texture:				64		{8x8}	1

GraphicBufferAllocator buffers:
            Handle |         Size |     W (Stride) x H | Layers |   Format |      Usage | Requestor
0xb4000078b34c2c10 | 10200.00 KiB | 1080 (1088) x 2400 |      1 |        1 | 0x10000900 | VRI[AudiobookSmokeActivity]#0(BLAST Consumer)0
0xb4000078b34c3090 | 10200.00 KiB | 1080 (1088) x 2400 |      1 |        1 | 0x10000900 | VRI[AudiobookSmokeActivity]#0(BLAST Consumer)0
0xb4000078b34c3120 | 10200.00 KiB | 1080 (1088) x 2400 |      1 |        1 | 0x10000900 | VRI[AudiobookSmokeActivity]#0(BLAST Consumer)0
0xb4000078b34d0e30 | 10200.00 KiB | 1080 (1088) x 2400 |      1 |        1 | 0x10000900 | VRI[AudiobookSmokeActivity]#0(BLAST Consumer)0
Total allocated by GraphicBufferAllocator (estimate): 40800.00 KB
Imported gralloc buffers:
+ name:VRI[AudiobookSmokeActivity]#0(BLAST Consumer)0, id:7165, size:10276.00KiB, w/h:1080x2400, usage: 0x10000900, req fmt:1, fourcc/mod:875708993/0, dataspace: 0x8810000, compressed: true
	planes: R/G/B/A:	 w/h:1080x2400, stride:4352 bytes, size:10522624
+ name:VRI[AudiobookSmokeActivity]#0(BLAST Consumer)0, id:7166, size:10276.00KiB, w/h:1080x2400, usage: 0x10000900, req fmt:1, fourcc/mod:875708993/0, dataspace: 0x8810000, compressed: true
	planes: R/G/B/A:	 w/h:1080x2400, stride:4352 bytes, size:10522624
+ name:VRI[AudiobookSmokeActivity]#0(BLAST Consumer)0, id:7164, size:10276.00KiB, w/h:1080x2400, usage: 0x10000900, req fmt:1, fourcc/mod:875708993/0, dataspace: 0x8810000, compressed: true
	planes: R/G/B/A:	 w/h:1080x2400, stride:4352 bytes, size:10522624
+ name:VRI[AudiobookSmokeActivity]#0(BLAST Consumer)0, id:7163, size:10276.00KiB, w/h:1080x2400, usage: 0x10000900, req fmt:1, fourcc/mod:875708993/0, dataspace: 0x8810000, compressed: true
	planes: R/G/B/A:	 w/h:1080x2400, stride:4352 bytes, size:10522624
Total imported by gralloc: 41104.00KiB

Profile data in ms:

	com.phnem.vetro.ab07smoke/com.example.myapplication.audiobooks.ui.AudiobookSmokeActivity/android.view.ViewRootImpl@703bca5 (visibility=0)
Window: com.phnem.vetro.ab07smoke/com.example.myapplication.audiobooks.ui.AudiobookSmokeActivity
Stats since: 731153681250355ns
Total frames rendered: 3720
Janky frames: 6 (0.16%)
Janky frames (legacy): 212 (5.70%)
50th percentile: 7ms
90th percentile: 9ms
95th percentile: 10ms
99th percentile: 36ms
Number Missed Vsync: 0
Number High input latency: 7284
Number Slow UI thread: 6
Number Slow bitmap uploads: 0
Number Slow issue draw commands: 2
Number Frame deadline missed: 6
Number Frame deadline missed (legacy): 0
HISTOGRAM: 5ms=848 6ms=940 7ms=988 8ms=538 9ms=174 10ms=58 11ms=42 12ms=28 13ms=16 14ms=4 15ms=2 16ms=0 17ms=0 18ms=2 19ms=0 20ms=12 21ms=8 22ms=4 23ms=2 24ms=0 25ms=2 26ms=6 27ms=2 28ms=0 29ms=2 30ms=4 31ms=0 32ms=0 34ms=0 36ms=8 38ms=4 40ms=0 42ms=2 44ms=14 46ms=4 48ms=2 53ms=2 57ms=2 61ms=0 65ms=0 69ms=0 73ms=0 77ms=0 81ms=0 85ms=0 89ms=0 93ms=0 97ms=0 101ms=0 105ms=0 109ms=0 113ms=0 117ms=0 121ms=0 125ms=0 129ms=0 133ms=0 150ms=0 200ms=0 250ms=0 300ms=0 350ms=0 400ms=0 450ms=0 500ms=0 550ms=0 600ms=0 650ms=0 700ms=0 750ms=0 800ms=0 850ms=0 900ms=0 950ms=0 1000ms=0 1050ms=0 1100ms=0 1150ms=0 1200ms=0 1250ms=0 1300ms=0 1350ms=0 1400ms=0 1450ms=0 1500ms=0 1550ms=0 1600ms=0 1650ms=0 1700ms=0 1750ms=0 1800ms=0 1850ms=0 1900ms=0 1950ms=0 2000ms=0 2050ms=0 2100ms=0 2150ms=0 2200ms=0 2250ms=0 2300ms=0 2350ms=0 2400ms=0 2450ms=0 2500ms=0 2550ms=0 2600ms=0 2650ms=0 2700ms=0 2750ms=0 2800ms=0 2850ms=0 2900ms=0 2950ms=0 3000ms=0 3050ms=0 3100ms=0 3150ms=0 3200ms=0 3250ms=0 3300ms=0 3350ms=0 3400ms=0 3450ms=0 3500ms=0 3550ms=0 3600ms=0 3650ms=0 3700ms=0 3750ms=0 3800ms=0 3850ms=0 3900ms=0 3950ms=0 4000ms=0 4050ms=0 4100ms=0 4150ms=0 4200ms=0 4250ms=0 4300ms=0 4350ms=0 4400ms=0 4450ms=0 4500ms=0 4550ms=0 4600ms=0 4650ms=0 4700ms=0 4750ms=0 4800ms=0 4850ms=0 4900ms=0 4950ms=0
50th gpu percentile: 2ms
90th gpu percentile: 3ms
95th gpu percentile: 3ms
99th gpu percentile: 5ms
GPU HISTOGRAM: 1ms=26 2ms=1866 3ms=1660 4ms=116 5ms=24 6ms=10 7ms=2 8ms=8 9ms=8 10ms=0 11ms=0 12ms=0 13ms=0 14ms=0 15ms=0 16ms=0 17ms=0 18ms=0 19ms=0 20ms=0 21ms=0 22ms=0 23ms=0 24ms=0 25ms=0 4950ms=0


RenderLite trim renderNode error: 0

---PROFILEDATA---
Flags,FrameTimelineVsyncId,IntendedVsync,Vsync,InputEventId,HandleInputStart,AnimationStart,PerformTraversalsStart,DrawStart,FrameDeadline,FrameStartTime,FrameInterval,WorkloadTarget,SyncQueued,SyncStart,IssueDrawCommandsStart,SwapBuffers,FrameCompleted,DequeueBufferDuration,QueueBufferDuration,GpuCompleted,SwapBuffersCompleted,DisplayPresentTime,CommandSubmissionCompleted,
32,2769710,731181925897815,731181925897815,0,731181926713938,731181926715293,731181929021126,731181929083105,731182692251862,731181926655865,8272845,13666666,731181929307480,731181929328626,731181929409199,731181930181803,731181931830136,12500,303698,731181931830136,731181930913001,0,731181930181803,
32,2769725,731181934170938,731181934170938,0,731181935071178,731181935072688,731181937297324,731181937361178,731182708797569,731181935015865,8272862,13666666,731181937596230,731181937678834,731181937769928,731181938621959,731181940302011,17240,338698,731181940302011,731181939452636,0,731181938621959,
32,2769740,731181942444138,731181942444138,0,731181943249928,731181943251282,731181945368105,731181945426022,731182725343318,731181943197636,8272887,13666666,731181945640553,731181945660918,731181945742480,731181946500397,731181948167376,11615,292188,731181948167376,731181947197324,0,731181946500397,
32,2769755,731181950717385,731181950717385,0,731181951570345,731181951571647,731181953727376,731181953786543,731182741889120,731181951519095,8272915,13666666,731181954005970,731181954029303,731181954113105,731181954883574,731181956564824,13542,308385,731181956564824,731181955646490,0,731181954883574,
32,2769770,731181958990599,731181958990599,0,731181959829824,731181959831074,731181962231855,731181962304511,731182758434978,731181959773886,8272943,13666666,731181962617793,731181962723730,731181962824876,731181963673626,731181965378418,12760,379271,731181965378418,731181964463522,0,731181963673626,
32,2769785,731181967263482,731181967263482,0,731181967906907,731181967907793,731181970120397,731181970182636,731182774980871,731181967866959,8272950,13666666,731181970413678,731181970437532,731181970536542,731181971390761,731181973039147,14480,462708,731181973039147,731181972284511,0,731181971390761,
32,2769800,731181975535977,731181975535977,0,731181976331386,731181976332897,731181978656751,731181978724928,731182791526754,731181976273157,8272933,13666666,731181978968938,731181979065084,731181979163157,731181980113105,731181982055345,15416,300052,731181982055345,731181980888938,0,731181980113105,
32,2769815,731181983808210,731181983808210,0,731181984638313,731181984639615,731181986709772,731181986774980,731182808072584,731181984587428,8272897,13666666,731181987001751,731181987028834,731181987131699,731181987972792,731181989751542,11614,428021,731181989751542,731181988948001,0,731181987972792,
32,2769830,731181992080154,731181992080154,0,731181992804615,731181992805605,731181994979095,731181995039928,731182824618323,731181992749720,8272842,13666666,731181995260970,731181995283834,731181995369563,731181996283209,731181997930553,12136,328073,731181997930553,731181997181178,0,731181996283209,
32,2769845,731182000351783,731182000351783,0,731182001062115,731182001063365,731182003111386,731182003173209,731182841163932,731182000986595,8272767,13666666,731182003401542,731182003422167,731182003502115,731182004371647,731182006040709,12500,364739,731182006040709,731182005141542,0,731182004371647,
32,2769860,731182008622878,731182008622878,0,731182009299563,731182009300970,731182011484928,731182011547063,731182857709355,731182009249095,8272656,13666666,731182011908470,731182011935865,731182012112376,731182013124459,731182014800136,13698,376458,731182014800136,731182013981230,0,731182013124459,
32,2769875,731182016893767,731182016893767,0,731182017618678,731182017619928,731182019758678,731182019824772,731182874254544,731182017565136,8272533,13666666,731182020158470,731182020184511,731182020270657,731182021103001,731182022777272,13021,326093,731182022777272,731182021834563,0,731182021103001,
32,2769890,731182025164713,731182025164713,0,731182026043105,731182026044459,731182028406751,731182028473105,731182890799496,731182025990553,8272419,13666666,731182028713626,731182028780136,731182028885970,731182029785605,731182031481647,11823,384427,731182031481647,731182030697376,0,731182029785605,
32,2769905,731182033435730,731182033435730,0,731182034214095,731182034215605,731182036483938,731182036548261,731182907344231,731182034158678,8272316,13666666,731182036770553,731182036792011,731182036877949,731182037650136,731182039745032,11250,335677,731182039745032,731182038376334,0,731182037650136,
32,2769927,731182041706784,731182041706784,0,731182042540240,731182042541334,731182044874824,731182044939720,731182923888769,731182042487584,8272222,13666666,731182045179980,731182045235188,731182045346751,731182046303157,731182047973730,12291,329270,731182047973730,731182047125397,0,731182046303157,
32,2769949,731182049977792,731182049977792,0,731182050730292,731182050731230,731182052325813,731182052372688,731182940433120,731182050688938,8272129,13666666,731182052563938,731182052586595,731182052692167,731182053528209,731182055221647,11042,349792,731182055221647,731182054308417,0,731182053528209,
32,2769971,731182058248927,731182058248927,0,731182058929563,731182058930553,731182060560136,731182060648313,731182956977300,731182058892636,8272051,13666666,731182060882115,731182061014720,731182061126386,731182062023261,731182063740240,9896,382552,731182063740240,731182062922324,0,731182062023261,
32,2769993,731182066520101,731182066520101,0,731182067259407,731182067260761,731182069444303,731182069511542,731182973521331,731182067216907,8271980,13666666,731182069754147,731182069776959,731182069873053,731182070686959,731182072382324,12448,304427,731182072382324,731182071389511,0,731182070686959,
32,2770015,731182074791253,731182074791253,0,731182075740709,731182075742167,731182077991647,731182078059511,731182990065222,731182075696334,8271911,13666666,731182078309720,731182078425813,731182078534980,731182079423417,731182081107532,12813,363437,731182081107532,731182080216386,0,731182079423417,
32,2770037,731182083062663,731182083062663,0,731182083797949,731182083799042,731182085611699,731182085661386,731183006608998,731182083744772,8271865,13666666,731182085843365,731182085972949,731182086070865,731182086937376,731182088575605,9375,371875,731182088575605,731182087793209,0,731182086937376,
32,2770059,731182091334282,731182091334282,0,731182092069563,731182092070605,731182093929199,731182093992376,731183023152699,731182091974095,8271836,13666666,731182094211959,731182094237480,731182094327845,731182095191334,731182096809355,12188,342552,731182096809355,731182095930761,0,731182095191334,
32,2770081,731182099606148,731182099606148,0,731182100309095,731182100309824,731182107215553,731182107284407,731183039696378,731182100278938,8271843,13666666,731182108726959,731182108802584,731182108982167,731182109368574,731182110833886,9271,262239,731182110833886,731182109919407,0,731182109368574,
32,2770125,731182116151117,731182116151117,0,731182117221699,731182117223157,731182119148157,731182119210136,731183056240120,731182117169563,8271899,13666666,731182119438053,731182119457220,731182119614095,731182120155136,731182121547272,12083,311719,731182121547272,731182120916282,0,731182120155136,
32,2770147,731182124424241,731182124424241,0,731182125360761,731182125362272,731182127423782,731182127483522,731183072783998,731182125308886,8271979,13666666,731182127716959,731182127738209,731182127814407,731182128273470,731182129675605,8177,296615,731182129675605,731182128892636,0,731182128273470,
32,2770169,731182132696220,731182132696220,0,731182133626803,731182133628313,731182135839667,731182135904303,731183089327956,731182133571334,8271979,13666666,731182136222584,731182136347740,731182136442324,731182136914876,731182139528730,12708,330104,731182139528730,731182137707115,0,731182136914876,
32,2770191,731182140969608,731182140969608,0,731182141716178,731182141717532,731182143934355,731182143997792,731183105872002,731182141659095,8272067,13666666,731182144301647,731182144323313,731182144434095,731182145382792,731182147324824,11823,276614,731182147324824,731182146027636,0,731182145382792,
32,2770520,731182463595732,731182463595732,-245048121,731182464155449,731182464156490,731182464477324,731182464529042,731183122416435,731182464094615,8272366,13666666,731182465807480,731182465856803,731182465927792,731182466517167,731182468205865,9740,169167,731182468205865,731182466880553,0,731182466517167,
2,2770564,731182480140464,731182480140464,0,731182480140464,731182480140464,731182480140464,731182480140464,731183138961167,731182480140464,8272366,13666666,731182483620344,731182483621178,731182483662011,731182484421594,731182486675396,6146,182864,731182486675396,731182484886178,0,731182484421594,
32,2770535,731182471868098,731182471868098,0,731182472542688,731182472543574,731182479761907,731182479845188,731183155505944,731182472513938,8272411,13666666,731182489415240,731182489463782,731182489557376,731182490474615,731182492933209,5364,177135,731182492933209,731182490908417,0,731182490474615,
32,2770594,731182496689505,731182496689505,0,731182497219146,731182497219876,731182498219146,731182498251751,731183172050815,731182497194667,8272460,13666666,731182498604407,731182498676751,731182498716126,731182499293209,731182502276907,5209,156875,731182502276907,731182499734563,0,731182499293209,
32,2770616,731182504963539,731182504963539,0,731182505718574,731182505719824,731182507199719,731182507250761,731183188595770,731182505680605,8272495,13666666,731182507847532,731182507904615,731182507982063,731182509141594,731182511820917,33282,358802,731182511820917,731182509931386,0,731182509141594,
2,2770645,731182513237320,731182513237320,0,731182513237320,731182513237320,731182513237320,731182513237320,731183205140789,731182513237320,8272524,13666666,731182516788574,731182516789719,731182516851907,731182518307688,731182522585344,10469,363490,731182522585344,731182519181126,0,731182518307688,
32,2770660,731182521510971,731182521510971,0,731182522397115,731182522398105,731182524883834,731182524973469,731183221685866,731182522352011,8272553,13666666,731182525810813,731182525906126,731182526005240,731182527113261,731182529682740,12292,294011,731182529682740,731182527828626,0,731182527113261,
32,2770682,731182529784348,731182529784348,0,731182530529355,731182530530449,731182532821959,731182532890813,731183238230996,731182530495709,8272577,13666666,731182533768001,731182533870240,731182534000709,731182535232740,731182540240449,12188,358542,731182540240449,731182536124667,0,731182535232740,
32,2770704,731182538057811,731182538057811,0,731182538991907,731182538993469,731182541543574,731182541608417,731183254776179,731182538930084,8272606,13666666,731182542413105,731182542502063,731182542615240,731182543766907,731182546327115,11510,301615,731182546327115,731182544616386,0,731182543766907,
32,2770726,731182546331108,731182546331108,0,731182547040917,731182547041907,731182551070032,731182551142115,731183271321419,731182546987688,8272634,13666666,731182552124407,731182552219980,731182552339407,731182553510865,731182556031542,12813,340261,731182556031542,731182554262792,0,731182553510865,
32,2770741,731182554604325,731182554604325,0,731182555637428,731182555639563,731182558342792,731182558435449,731183287866750,731182555563365,8272697,13666666,731182559446542,731182559528626,731182559619146,731182560610240,731182563132324,9739,360937,731182563132324,731182561328105,0,731182560610240,
32,2770756,731182562877444,731182562877444,0,731182563556542,731182563558313,731182566044511,731182566114407,731183304412144,731182563500396,8272697,13666666,731182566984042,731182567074928,731182567182949,731182568320396,731182570922011,12500,307240,731182570922011,731182569081021,0,731182568320396,
32,2770771,731182571150629,731182571150629,0,731182571794563,731182571796542,731182574267324,731182574349199,731183320957577,731182571736386,8272736,13666666,731182575144303,731182575232636,731182575328521,731182576409303,731182579178782,12396,298907,731182579178782,731182577273574,0,731182576409303,
32,2770786,731182579423791,731182579423791,0,731182580201126,731182580201959,731182582515032,731182582578209,731183337503089,731182580164199,8272776,13666666,731182583399303,731182583509719,731182583613886,731182584733469,731182587316230,13855,354270,731182587316230,731182585513157,0,731182584733469,
32,2770801,731182587696947,731182587696947,0,731182588440709,731182588441803,731182590740188,731182590802219,731183354048681,731182588391074,8272816,13666666,731182591608886,731182591707949,731182591818105,731182593064199,731182595911178,13177,357240,731182595911178,731182593976074,0,731182593064199,
32,2770816,731182595969926,731182595969926,0,731182596916490,731182596917844,731182599450813,731182599513521,731183370594339,731182596844459,8272842,13666666,731182600447428,731182600547480,731182600664199,731182601734980,731182604657011,12500,367239,731182604657011,731182602548730,0,731182601734980,
32,2770831,731182604243054,731182604243054,0,731182605148313,731182605149667,731182607435501,731182607496959,731183387140055,731182605096542,8272874,13666666,731182608395709,731182608496074,731182608602480,731182609648574,731182612387271,11459,308229,731182612387271,731182610383574,0,731182609648574,
32,2770846,731182612516060,731182612516060,0,731182613326751,731182613327844,731182615430969,731182615496490,731183403685818,731182613274928,8272889,13666666,731182615742011,731182615764771,731182615857428,731182616953157,731182619656751,11406,294739,731182619656751,731182617717063,0,731182616953157,
32,2770861,731182620788771,731182620788771,0,731182621641178,731182621642740,731182623670084,731182623727949,731183420231583,731182621587844,8272876,13666666,731182623948261,731182623970188,731182624107011,731182625106438,731182627805448,11719,282604,731182627805448,731182625805501,0,731182625106438,
32,2770876,731182629061284,731182629061284,0,731182629839876,731182629841490,731182631985292,731182632140865,731183436777300,731182629788209,8272841,13666666,731182632384823,731182632406073,731182632502792,731182633593417,731182636175084,12708,340625,731182636175084,731182634376230,0,731182633593417,
32,2770891,731182637333656,731182637333656,0,731182638064771,731182638066282,731182640335136,731182640406282,731183453322931,731182638010501,8272790,13666666,731182640642271,731182640665917,731182640760188,731182641738053,731182644263105,12239,318698,731182644263105,731182642518313,0,731182641738053,
32,2770906,731182645606028,731182645606028,0,731182646440709,731182646442063,731182648716594,731182648782115,731183469868458,731182646385657,8272737,13666666,731182649020813,731182649043834,731182649135553,731182650114511,731182652759407,11510,311406,731182652759407,731182650846021,0,731182650114511,
32,2770921,731182653879201,731182653879201,0,731182654606803,731182654608157,731182656874303,731182656935032,731183486413950,731182654553469,8272755,13666666,731182657155813,731182657179407,731182657264146,731182658228105,731182660810553,11927,347500,731182660810553,731182658977219,0,731182658228105,
32,2770936,731182662152713,731182662152713,0,731182662876334,731182662877896,731182665062740,731182665125553,731183502959507,731182662824198,8272802,13666666,731182665353886,731182665378157,731182665470084,731182666515605,731182669079303,12292,325729,731182669079303,731182667346698,0,731182666515605,
32,2770951,731182670426301,731182670426301,0,731182671188001,731182671189355,731182673483261,731182673543469,731183519505164,731182671134511,8272855,13666666,731182673767323,731182673790813,731182673885292,731182674892167,731182677607219,12396,315468,731182677607219,731182675629719,0,731182674892167,
32,2770966,731182678700022,731182678700022,0,731182679430240,731182679431542,731182681670292,731182681734980,731183536050938,731182679375084,8272919,13666666,731182681970969,731182681993365,731182682088834,731182683099771,731182685766282,12708,308958,731182685766282,731182683841021,0,731182683099771,
32,2770981,731182686973646,731182686973646,0,731182687766490,731182687767740,731182689954146,731182690019511,731183552596834,731182687712896,8272977,13666666,731182690275344,731182690300240,731182690389667,731182691397323,731182693995761,11927,342083,731182693995761,731182692190761,0,731182691397323,
32,2770996,731182695247343,731182695247343,0,731182696190917,731182696192376,731182698474094,731182698550969,731183569142846,731182696118626,8273035,13666666,731182698813990,731182698904042,731182699003157,731182700071646,731182702643105,12344,350000,731182702643105,731182700801646,0,731182700071646,
32,2771011,731182703520800,731182703520800,0,731182704300240,731182704301698,731182706347480,731182706411282,731183585688963,731182704248886,8273082,13666666,731182706633938,731182706656073,731182706749407,731182707733521,731182710374094,11406,290782,731182710374094,731182708447323,0,731182707733521,
32,2771033,731182711794033,731182711794033,0,731182712653886,731182712655448,731182714933001,731182714998834,731183602235155,731182712596803,8273110,13666666,731182715242584,731182715375657,731182715472844,731182716608105,731182719141907,13854,315573,731182719141907,731182717461334,0,731182716608105,
32,2771055,731182720066980,731182720066980,0,731182720906230,731182720907584,731182723188521,731182723259823,731183618781379,731182720848834,8273114,13666666,731182723521126,731182723661594,731182723766178,731182724919459,731182727529355,13646,337083,731182727529355,731182725704303,0,731182724919459,
32,2771077,731182728339406,731182728339406,0,731182729208521,731182729209771,731182731363469,731182731427688,731183635327572,731182729154511,8273079,13666666,731182731673834,731182731696907,731182731794459,731182732863521,731182735413365,14166,435677,731182735413365,731182733720709,0,731182732863521,
32,2771099,731182736611704,731182736611704,0,731182737452011,731182737453313,731182740161751,731182740275605,731183651873684,731182737396334,8273033,13666666,731182740582688,731182740691907,731182740803782,731182741926386,731182744586959,14062,346666,731182744586959,731182742729511,0,731182741926386,
32,2771121,731182744883877,731182744883877,0,731182745594771,731182745595657,731182747283730,731182747346646,731183668419692,731182745565657,8272975,13666666,731182747574146,731182747681959,731182747777688,731182748812323,731182751518209,11927,305625,731182751518209,731182749517271,0,731182748812323,
32,2771143,731182753155889,731182753155889,0,731182753832688,731182753833573,731182755123469,731182755164511,731183684965574,731182753800396,8272907,13666666,731182755305240,731182755379511,731182755444042,731182756136594,731182758680084,6459,343646,731182758680084,731182756883626,0,731182756136594,
32,2771165,731182761427825,731182761427825,0,731182762179251,731182762180136,731182764182376,731182764264928,731183701511315,731182762137219,8272834,13666666,731182764541855,731182764653521,731182764779407,731182765920396,731182768526021,15052,344322,731182768526021,731182766773365,0,731182765920396,
32,2771187,731182769699921,731182769699921,0,731182770472948,731182770473990,731182772802532,731182772881751,731183718056922,731182770426126,8272773,13666666,731182773185501,731182773257844,731182773367011,731182774363886,731182777010813,13854,299375,731182777010813,731182775062167,0,731182774363886,
32,2771209,731182777972223,731182777972223,0,731182778658886,731182778660188,731182780847532,731182780906855,731183734602425,731182778613157,8272730,13666666,731182781127480,731182781154094,731182781248001,731182782256073,731182784759459,11771,306771,731182784759459,731182783000813,0,731182782256073,
2,2771260,731182794517587,731182794517587,0,731182794517587,731182794517587,731182794517587,731182794517587,731183751147856,731182794517587,8272701,13666666,731182797999094,731182798000396,731182798048782,731182798903053,731182801604823,11042,233281,731182801604823,731182799509511,0,731182798903053,
2,2771275,731182802790702,731182802790702,0,731182802790702,731182802790702,731182802790702,731182802790702,731183767693276,731182802790702,8272719,13666666,731182806282792,731182806283626,731182806381959,731182806921334,731182808156542,6510,244167,731182808156542,731182807477636,0,731182806921334,
32,2771748,731183183372885,731183183372885,-447959464,731183185789511,731183185791334,731183186212375,731183186295084,731183784239415,731183185733417,8273420,13666666,731183188430500,731183188549355,731183188643417,731183189384250,731183190614667,15000,219895,731183190614667,731183189946698,0,731183189384250,
32,2771762,731183191646471,731183191646471,0,731183192174302,731183192175917,731183193752219,731183193824094,731183800786259,731183192132636,8273424,13666666,731183194649302,731183194695188,731183194769250,731183195408365,731183196536907,5521,173594,731183196536907,731183195827636,0,731183195408365,
2,2771813,731183208193717,731183208193717,0,731183208193717,731183208193717,731183208193717,731183208193717,731183817333116,731183208193717,8273433,13666666,731183211725448,731183211726750,731183211784719,731183212581802,731183213939875,8282,211719,731183213939875,731183213087427,0,731183212581802,
2,2771828,731183216467377,731183216467377,0,731183216467377,731183216467377,731183216467377,731183216467377,731183833879987,731183216467377,8273438,13666666,731183219925500,731183219926646,731183219950136,731183220481021,731183221704719,5365,138698,731183221704719,731183220959302,0,731183220481021,
2,2771836,731183224740816,731183224740816,0,731183224740816,731183224740816,731183224740816,731183224740816,731183850426863,731183224740816,8273438,13666666,731183228197480,731183228198209,731183228215292,731183228567115,731183229683261,4688,126250,731183229683261,731183228872011,0,731183228567115,
2,2771844,731183233014085,731183233014085,0,731183233014085,731183233014085,731183233014085,731183233014085,731183866973735,731183233014085,8273434,13666666,731183236490344,731183236491282,731183236511177,731183236879823,731183237999980,5104,121511,731183237999980,731183237210344,0,731183236879823,
32,2771852,731183241287150,731183241287150,0,731183241699771,731183241700344,731183242499459,731183242532219,731183883520594,731183241677219,8273425,13666666,731183243181230,731183243223000,731183243261698,731183243939771,731183246523521,6354,158333,731183246523521,731183244352948,0,731183243939771,
32,2771867,731183249560182,731183249560182,0,731183250305084,731183250305657,731183251387584,731183251422480,731183900067435,731183250280344,8273416,13666666,731183251918469,731183251970032,731183252052427,731183252516334,731183254084355,6667,300781,731183254084355,731183253286594,0,731183252516334,
32,2771882,731183257833116,731183257833116,0,731183258602375,731183258603730,731183260705240,731183260768730,731183916614254,731183258546907,8273403,13666666,731183261893573,731183261999355,731183262092688,731183262911386,731183264587896,11354,289896,731183264587896,731183263651282,0,731183262911386,
32,2771897,731183266105962,731183266105962,0,731183266807948,731183266809250,731183269174615,731183269232896,731183933161042,731183266753209,8273385,13666666,731183270388782,731183270500292,731183270601594,731183271402011,731183273001490,11458,366511,731183273001490,731183272175188,0,731183271402011,
32,2771912,731183274378632,731183274378632,0,731183275673677,731183275674771,731183278045032,731183278108990,731183949707785,731183275621802,8273358,13666666,731183279219302,731183279319927,731183279441698,731183280557115,731183282247584,14011,378438,731183282247584,731183281438157,0,731183280557115,
32,2771927,731183282651241,731183282651241,0,731183283356854,731183283358782,731183285854354,731183285918313,731183966254477,731183283300136,8273334,13666666,731183287092219,731183287192479,731183287307479,731183288283052,731183289887011,12604,305417,731183289887011,731183289001386,0,731183288283052,
32,2771942,731183290923781,731183290923781,0,731183291582948,731183291584302,731183293951438,731183294013729,731183982801119,731183291532740,8273308,13666666,731183295180032,731183295279302,731183295385552,731183296422375,731183297989719,11927,290469,731183297989719,731183297174511,0,731183296422375,
32,2771957,731183299196117,731183299196117,0,731183300299146,731183300300761,731183302750761,731183302818209,731183999347697,731183300219094,8273270,13666666,731183304252427,731183304338261,731183304449823,731183305407011,731183307215136,15468,442604,731183307215136,731183306321386,0,731183305407011,
32,2771972,731183307467898,731183307467898,0,731183308269563,731183308270865,731183313927792,731183314006021,731184015894161,731183308211802,8273194,13666666,731183315227167,731183315338000,731183315467011,731183316608209,731183318580761,12500,262448,731183318580761,731183317224927,0,731183316608209,
32,2771987,731183315739536,731183315739536,0,731183316571073,731183316572427,731183318189250,731183318255604,731184032440458,731183316520761,8273103,13666666,731183319212688,731183319301282,731183319393886,731183320188365,731183321743834,9687,250730,731183321743834,731183320776229,0,731183320188365,
32,2772002,731183324011128,731183324011128,0,731183324658313,731183324659667,731183326941229,731183327006907,731184048986570,731183324601386,8273009,13666666,731183328227219,731183328296386,731183328404250,731183329235969,731183330906490,10938,300677,731183330906490,731183329960136,0,731183329235969,
32,2772017,731183332282292,731183332282292,0,731183333134875,731183333136334,731183335421698,731183335496646,731184065532461,731183333075448,8272882,13666666,731183336772375,731183336865604,731183336971282,731183337856490,731183340285917,11354,291979,731183340285917,731183338557167,0,731183337856490,
32,2772032,731183340553619,731183340553619,0,731183341379250,731183341380396,731183343508209,731183343570396,731184082078110,731183341321750,8272767,13666666,731183343808938,731183343832427,731183343928469,731183344837011,731183346570813,13125,369583,731183346570813,731183345634511,0,731183344837011,
32,2772047,731183348825223,731183348825223,0,731183349773729,731183349775084,731183351843261,731183351908677,731184098623550,731183349718209,8272673,13666666,731183352218052,731183352242427,731183352333209,731183353173000,731183355468625,10417,301094,731183355468625,731183353904979,0,731183353173000,
32,2772069,731183357096131,731183357096131,0,731183358062948,731183358065136,731183360957427,731183361055865,731184115168754,731183357992636,8272531,13666666,731183361395136,731183361498209,731183361598157,731183362404459,731183364236594,11823,298646,731183364236594,731183363113157,0,731183362404459,
32,2772091,731183365367230,731183365367230,0,731183366355657,731183366356490,731183368709094,731183368772063,731184131713697,731183366323469,8272412,13666666,731183369000604,731183369109146,731183369228469,731183370172271,731183372075188,12448,367188,731183372075188,731183370995552,0,731183370172271,
32,2772113,731183373639162,731183373639162,0,731183374384407,731183374385448,731183376256907,731183376324511,731184148258484,731183374341698,8272375,13666666,731183376552271,731183376577375,731183376684042,731183377584719,731183379353052,14218,336250,731183379353052,731183378405552,0,731183377584719,
32,2772135,731183381911302,731183381911302,0,731183382666125,731183382667219,731183384973729,731183385061802,731184164803220,731183382611490,8272361,13666666,731183385291646,731183385315032,731183385410969,731183386210709,731183388167375,13229,358750,731183388167375,731183386966073,0,731183386210709,
32,2772157,731183390183435,731183390183435,0,731183390996594,731183390998209,731183393335344,731183393397532,731184181347929,731183390942375,8272348,13666666,731183393627792,731183393787948,731183393890709,731183394750396,731183396434719,11511,304063,731183396434719,731183395475344,0,731183394750396,
32,2772179,731183398455643,731183398455643,0,731183399223573,731183399225188,731183401464823,731183401531698,731184197892617,731183399166802,8272340,13666666,731183401761334,731183401788834,731183401876177,731183402700500,731183404732167,10208,373282,731183404732167,731183403543886,0,731183402700500,
32,2772201,731183406727844,731183406727844,0,731183407511229,731183407512948,731183409705604,731183409773104,731184214437287,731183407458834,8272330,13666666,731183410009667,731183410032011,731183410123469,731183411003677,731183413042271,12656,335677,731183413042271,731183411794875,0,731183411003677,
32,2772223,731183415000150,731183415000150,0,731183415763104,731183415764771,731183417852323,731183417918209,731184230981944,731183415687792,8272327,13666666,731183418150344,731183418175709,731183418257792,731183419048157,731183421171177,10625,332032,731183421171177,731183419772584,0,731183419048157,
32,2772245,731183423272764,731183423272764,0,731183424166073,731183424167636,731183426298417,731183426389198,731184247526615,731183424109459,8272344,13666666,731183426614771,731183426636750,731183426720917,731183427505344,731183429445969,11563,356563,731183429445969,731183428300136,0,731183427505344,
32,2772267,731183431545531,731183431545531,0,731183432366594,731183432368261,731183434581125,731183434648000,731184264071332,731183432310865,8272373,13666666,731183434878938,731183434905917,731183435011177,731183435955813,731183438249511,11979,377969,731183438249511,731183436865084,0,731183435955813,
32,2772289,731183439818353,731183439818353,0,731183440841959,731183440843469,731183442887636,731183442955917,731184280616109,731183440784511,8272404,13666666,731183443200084,731183443224042,731183443303521,731183444144302,731183446264302,9583,424271,731183446264302,731183444981021,0,731183444144302,
32,2772311,731183448091108,731183448091108,0,731183448911073,731183448912688,731183451033782,731183451098677,731184297160939,731183448853625,8272426,13666666,731183451332896,731183451355344,731183451451177,731183452409250,731183454627063,13489,291979,731183454627063,731183453135500,0,731183452409250,
32,2772333,731183456363871,731183456363871,0,731183457255604,731183457257375,731183459345136,731183459411594,731184313705811,731183457197844,8272446,13666666,731183459634511,731183459658886,731183459746386,731183460651125,731183462800240,12031,416094,731183462800240,731183461478886,0,731183460651125,
32,2772355,731183464636683,731183464636683,0,731183465448573,731183465449771,731183467549511,731183467616907,731184330250724,731183465394146,8272467,13666666,731183467842115,731183468056334,731183468227375,731183469145865,731183471038521,10625,381666,731183471038521,731183469986334,0,731183469145865,
32,2772377,731183472909281,731183472909281,0,731183473697584,731183473698521,731183475530084,731183475615865,731184346795662,731183473658625,8272471,13666666,731183475864563,731183475879771,731183475950084,731183476851594,731183480826282,7604,295938,731183480826282,731183477622011,0,731183476851594,
32,2772399,731183481181954,731183481181954,0,731183482198052,731183482200084,731183484855136,731183484927479,731184363340617,731183482129094,8272484,13666666,731183485185761,731183485286698,731183485374354,731183486154407,731183487928157,9792,275052,731183487928157,731183486813729,0,731183486154407,
32,2772421,731183489454639,731183489454639,0,731183490333573,731183490335604,731183492822375,731183492887063,731184379885600,731183490270500,8272499,13666666,731183493127167,731183493221490,731183493309354,731183494097323,731183497965917,9844,272395,731183497965917,731183494743261,0,731183494097323,
32,2772443,731183497727454,731183497727454,0,731183498625709,731183498627896,731183501027636,731183501092479,731184396430620,731183498565292,8272521,13666666,731183501334823,731183501423209,731183501516646,731183502324927,731183504029354,11771,293281,731183504029354,731183503026750,0,731183502324927,
32,2772465,731183506000468,731183506000468,0,731183506792375,731183506794146,731183509063781,731183509128573,731184412975699,731183506728990,8272558,13666666,731183509368469,731183509394250,731183509479511,731183510251281,731183511868990,10625,271146,731183511868990,731183510964302,0,731183510251281,
32,2772487,731183514273784,731183514273784,0,731183515045500,731183515047323,731183517285344,731183517352219,731184429520874,731183514985396,8272617,13666666,731183517580656,731183517603052,731183517702427,731183518547219,731183521418625,9583,278229,731183521418625,731183519220500,0,731183518547219,
32,2772509,731183522547138,731183522547138,0,731183523286646,731183523288573,731183525570761,731183525634094,731184446066162,731183523226854,8272671,13666666,731183525869979,731183525892167,731183525995344,731183526838938,731183528450448,13437,361146,731183528450448,731183527612636,0,731183526838938,
32,2772531,731183530820353,731183530820353,0,731183531593573,731183531595552,731183534058886,731183534128469,731184462611546,731183531535813,8272713,13666666,731183534364146,731183534467740,731183534570031,731183535392740,731183537052063,12239,383021,731183537052063,731183536279042,0,731183535392740,
32,2772553,731183539093343,731183539093343,0,731183539880500,731183539882427,731183542152531,731183542219927,731184479156995,731183539819146,8272736,13666666,731183542452479,731183542473417,731183542554927,731183543344354,731183544964823,10938,284479,731183544964823,731183544080709,0,731183543344354,
32,2772575,731183547366009,731183547366009,0,731183548214823,731183548216854,731183550481906,731183550550396,731184495702467,731183548153729,8272736,13666666,731183550787636,731183550862167,731183550947427,731183551709094,731183553556177,10052,298177,731183553556177,731183552375188,0,731183551709094,
32,2772597,731183555638471,731183555638471,0,731183556465917,731183556467688,731183558774094,731183558842375,731184512247924,731183556406334,8272721,13666666,731183559070396,731183559144771,731183559236490,731183560086334,731183561862011,9687,282291,731183561862011,731183560745396,0,731183560086334,
32,2772619,731183563910831,731183563910831,0,731183564608261,731183564610344,731183566904719,731183566971646,731184528793344,731183564543365,8272699,13666666,731183567223521,731183567247688,731183567344927,731183568247063,731183569839198,11511,282240,731183569839198,731183568917115,0,731183568247063,
32,2772641,731183572183071,731183572183071,0,731183572979563,731183572981542,731183575182792,731183575247115,731184545338712,731183572915500,8272669,13666666,731183575465240,731183575483886,731183575566125,731183576387844,731183577989771,10365,269063,731183577989771,731183577094354,0,731183576387844,
32,2772663,731183580455497,731183580455497,0,731183581297792,731183581299719,731183583475084,731183583546438,731184561884031,731183581238886,8272650,13666666,731183583779823,731183583803261,731183583887323,731183584750136,731183586539719,9532,284740,731183586539719,731183585410500,0,731183584750136,
32,2772685,731183588728083,731183588728083,0,731183589480500,731183589482531,731183596719719,731183596766073,731184578429328,731183589419563,8272647,13666666,731183597673417,731183597738313,731183597895813,731183598238625,731183599726125,8854,231771,731183599726125,731183598763156,0,731183598238625,
32,2772729,731183605273601,731183605273601,0,731183606040031,731183606040709,731183607280240,731183607327584,731184594974631,731183606009459,8272656,13666666,731183607499302,731183607583521,731183607656438,731183608099823,731183609511490,10313,284218,731183609511490,731183608686125,0,731183608099823,
32,2772751,731183613546367,731183613546367,0,731183614260292,731183614261177,731183615731542,731183615791490,731184611519949,731183614224823,8272662,13666666,731183616087584,731183616172427,731183616267375,731183616781125,731183618242323,10468,331615,731183618242323,731183617516646,0,731183616781125,
32,2772773,731183621819029,731183621819029,0,731183622710969,731183622711906,731183624375813,731183624423156,731184628065273,731183622666594,8272662,13666666,731183624595448,731183624612948,731183624753469,731183625191646,731183626775604,11198,337709,731183626775604,731183625956646,0,731183625191646,
32,2772795,731183630091561,731183630091561,0,731183630779198,731183630780188,731183632293000,731183632337479,731184644610590,731183630742584,8272655,13666666,731183632502375,731183632612427,731183632709615,731183633386125,731183635225969,7083,336979,731183635225969,731183634030761,0,731183633386125,
10,2772824,731183638364209,731183638364209,0,731183638364209,731183638364209,731183638364209,731183638364209,731183652030875,731183638364209,8272656,13666666,731183641870031,731183641871438,731181922106490,731181923146803,731181924944407,17604,389375,731181924944407,731181924219199,0,731181923146803,
---PROFILEDATA---


View hierarchy:

  com.phnem.vetro.ab07smoke/com.example.myapplication.audiobooks.ui.AudiobookSmokeActivity/android.view.ViewRootImpl@703bca5
  9 views, 17.18 kB of render nodes


  Dynamic VRI BBQ Log.  render_draw: false  hdr_dimmer: false  blur_blend: false  hwui_window_decor: false  sync_barrier: false

Total ViewRootImpl   : 1
Total attached Views : 9
Total RenderNode     : 17.18 kB (used) / 41.24 kB (capacity)

